objid,u-type,u-peaks,g-type,g-peaks,r-type,r-peaks,i-type,i-peaks,z-type,z-peaks
1237663784207975480,NO_PEAK,"[]",NO_PEAK,"[]",NO_PEAK,"[]",SINGLE,"[(50, 50)]",DOUBLE,"[(95, 76)(72, 4)]"
1237663784207975529,NO_PEAK,"[]",NO_PEAK,"[]",NO_PEAK,"[]",NO_PEAK,"[]",DOUBLE,"[(21, 83)(29, 85)]"
1237663784207975533,NO_PEAK,"[]",NO_PEAK,"[]",NO_PEAK,"[]",SINGLE,"[(30, 13)]",DOUBLE,"[(61, 82)(30, 12)]"
1237663784207975547,SINGLE,"[(15, 50)]",NO_PEAK,"[]",SINGLE,"[(16, 50)]",SINGLE,"[(43, 35)]",DOUBLE,"[(43, 34)(60, 61)]"
1237663784206991858,NO_PEAK,"[]",SINGLE,"[(50, 49)]",SINGLE,"[(50, 50)]",SINGLE,"[(50, 50)]",DOUBLE,"[(50, 50)(22, 44)]"
1237663784206991878,NO_PEAK,"[]",NO_PEAK,"[]",SINGLE,"[(50, 51)]",SINGLE,"[(13, 11)]",NO_PEAK,"[]"
1237663784206991980,NO_PEAK,"[]",NO_PEAK,"[]",NO_PEAK,"[]",SINGLE,"[(15, 17)]",NO_PEAK,"[]"
1237663784207975551,NO_PEAK,"[]",NO_PEAK,"[]",NO_PEAK,"[]",NO_PEAK,"[]",NO_PEAK,"[]"
1237663784207975683,NO_PEAK,"[]",NO_PEAK,"[]",NO_PEAK,"[]",NO_PEAK,"[]",DOUBLE,"[(90, 88)(45, 94)]"
1237663784207975691,NO_PEAK,"[]",NO_PEAK,"[]",NO_PEAK,"[]",NO_PEAK,"[]",DOUBLE,"[(37, 87)(30, 34)]"
1237663784208040293,NO_PEAK,"[]",NO_PEAK,"[]",SINGLE,"[(50, 50)]",SINGLE,"[(50, 51)]",DOUBLE,"[(51, 51)(83, 42)]"
1237663784208040373,NO_PEAK,"[]",NO_PEAK,"[]",NO_PEAK,"[]",NO_PEAK,"[]",DOUBLE,"[(22, 57)(6, 75)]"
1237663784208040391,NO_PEAK,"[]",NO_PEAK,"[]",NO_PEAK,"[]",SINGLE,"[(50, 50)]",DOUBLE,"[(71, 99)(37, 74)]"
1237663784208040461,NO_PEAK,"[]",NO_PEAK,"[]",NO_PEAK,"[]",NO_PEAK,"[]",DOUBLE,"[(74, 12)(45, 72)]"
1237663784206992099,NO_PEAK,"[]",NO_PEAK,"[]",NO_PEAK,"[]",NO_PEAK,"[]",DOUBLE,"[(32, 15)(30, 92)]"
1237663784209220900,NO_PEAK,"[]",NO_PEAK,"[]",NO_PEAK,"[]",NO_PEAK,"[]",DOUBLE,"[(90, 99)(94, 84)]"
1237663784209220903,NO_PEAK,"[]",NO_PEAK,"[]",NO_PEAK,"[]",SINGLE,"[(33, 35)]",DOUBLE,"[(32, 36)(8, 41)]"
1237663784209220904,NO_PEAK,"[]",NO_PEAK,"[]",NO_PEAK,"[]",NO_PEAK,"[]",DOUBLE,"[(28, 49)(4, 54)]"
1237663784208040630,NO_PEAK,"[]",NO_PEAK,"[]",SINGLE,"[(51, 50)]",NO_PEAK,"[]",DOUBLE,"[(25, 94)(54, 52)]"
1237663784208040636,NO_PEAK,"[]",NO_PEAK,"[]",NO_PEAK,"[]",NO_PEAK,"[]",DOUBLE,"[(70, 22)(44, 17)]"
1237663784208040658,NO_PEAK,"[]",SINGLE,"[(50, 50)]",SINGLE,"[(50, 50)]",SINGLE,"[(50, 50)]",DOUBLE,"[(50, 50)(22, 93)]"
1237663784208040727,NO_PEAK,"[]",NO_PEAK,"[]",NO_PEAK,"[]",NO_PEAK,"[]",DOUBLE,"[(5, 98)(50, 49)]"
1237663784208040840,NO_PEAK,"[]",NO_PEAK,"[]",NO_PEAK,"[]",SINGLE,"[(29, 32)]",DOUBLE,"[(37, 1)(50, 51)]"
1237663784208040886,NO_PEAK,"[]",NO_PEAK,"[]",NO_PEAK,"[]",NO_PEAK,"[]",DOUBLE,"[(66, 99)(1, 49)]"
1237663784208040905,NO_PEAK,"[]",NO_PEAK,"[]",NO_PEAK,"[]",NO_PEAK,"[]",DOUBLE,"[(19, 97)(54, 82)]"
1237663784208040907,NO_PEAK,"[]",NO_PEAK,"[]",NO_PEAK,"[]",SINGLE,"[(50, 51)]",DOUBLE,"[(63, 74)(91, 67)]"
1237663784208040908,NO_PEAK,"[]",NO_PEAK,"[]",NO_PEAK,"[]",NO_PEAK,"[]",DOUBLE,"[(9, 4)(28, 20)]"
1237663784208040925,NO_PEAK,"[]",NO_PEAK,"[]",NO_PEAK,"[]",NO_PEAK,"[]",DOUBLE,"[(31, 27)(7, 61)]"
1237663784208040971,NO_PEAK,"[]",NO_PEAK,"[]",NO_PEAK,"[]",SINGLE,"[(1, 37)]",DOUBLE,"[(64, 71)(1, 38)]"
1237663784208041078,SINGLE,"[(85, 50)]",NO_PEAK,"[]",NO_PEAK,"[]",NO_PEAK,"[]",DOUBLE,"[(76, 93)(26, 66)]"
1237663784208041129,NO_PEAK,"[]",NO_PEAK,"[]",NO_PEAK,"[]",NO_PEAK,"[]",DOUBLE,"[(21, 83)(75, 55)]"
1237663784208041172,NO_PEAK,"[]",NO_PEAK,"[]",NO_PEAK,"[]",NO_PEAK,"[]",DOUBLE,"[(15, 70)(85, 99)]"
1237663784208105741,NO_PEAK,"[]",NO_PEAK,"[]",NO_PEAK,"[]",SINGLE,"[(48, 7)]",DOUBLE,"[(55, 99)(54, 24)]"
1237663784208105743,NO_PEAK,"[]",NO_PEAK,"[]",SINGLE,"[(50, 50)]",NO_PEAK,"[]",DOUBLE,"[(50, 50)(30, 46)]"
1237663784208105747,NO_PEAK,"[]",NO_PEAK,"[]",NO_PEAK,"[]",NO_PEAK,"[]",DOUBLE,"[(33, 47)(69, 15)]"
1237663784208105762,NO_PEAK,"[]",NO_PEAK,"[]",NO_PEAK,"[]",DOUBLE,"[(37, 33)(43, 36)]",DOUBLE,"[(29, 38)(45, 35)]"
1237663784208105890,NO_PEAK,"[]",NO_PEAK,"[]",SINGLE,"[(50, 50)]",NO_PEAK,"[]",DOUBLE,"[(50, 50)(99, 38)]"
1237663784208106035,NO_PEAK,"[]",NO_PEAK,"[]",SINGLE,"[(41, 45)]",NO_PEAK,"[]",DOUBLE,"[(83, 61)(42, 44)]"
1237663784208106070,NO_PEAK,"[]",NO_PEAK,"[]",SINGLE,"[(50, 50)]",NO_PEAK,"[]",DOUBLE,"[(80, 29)(57, 69)]"
1237663784208106491,NO_PEAK,"[]",NO_PEAK,"[]",NO_PEAK,"[]",NO_PEAK,"[]",DOUBLE,"[(9, 58)(9, 69)]"
1237663784208106501,NO_PEAK,"[]",NO_PEAK,"[]",NO_PEAK,"[]",NO_PEAK,"[]",DOUBLE,"[(76, 27)(11, 55)]"
1237663784208106533,NO_PEAK,"[]",NO_PEAK,"[]",NO_PEAK,"[]",NO_PEAK,"[]",DOUBLE,"[(49, 50)(91, 1)]"
1237663784207057590,SINGLE,"[(34, 55)]",NO_PEAK,"[]",SINGLE,"[(50, 50)]",NO_PEAK,"[]",DOUBLE,"[(50, 50)(50, 12)]"
1237663784207057594,SINGLE,"[(91, 11)]",NO_PEAK,"[]",NO_PEAK,"[]",NO_PEAK,"[]",DOUBLE,"[(72, 45)(2, 79)]"
1237663784207057674,NO_PEAK,"[]",NO_PEAK,"[]",SINGLE,"[(50, 50)]",NO_PEAK,"[]",DOUBLE,"[(50, 50)(88, 84)]"
1237663784207057729,NO_PEAK,"[]",NO_PEAK,"[]",NO_PEAK,"[]",NO_PEAK,"[]",DOUBLE,"[(99, 13)(60, 3)]"
1237663784207057816,SINGLE,"[(9, 46)]",NO_PEAK,"[]",NO_PEAK,"[]",SINGLE,"[(19, 33)]",DOUBLE,"[(69, 81)(38, 89)]"
1237663784207057900,NO_PEAK,"[]",NO_PEAK,"[]",NO_PEAK,"[]",NO_PEAK,"[]",DOUBLE,"[(49, 49)(32, 19)]"
1237663784207057907,NO_PEAK,"[]",NO_PEAK,"[]",NO_PEAK,"[]",NO_PEAK,"[]",DOUBLE,"[(50, 78)(16, 29)]"
1237663784208106567,NO_PEAK,"[]",NO_PEAK,"[]",NO_PEAK,"[]",SINGLE,"[(36, 1)]",NO_PEAK,"[]"
1237663784208106651,NO_PEAK,"[]",NO_PEAK,"[]",NO_PEAK,"[]",NO_PEAK,"[]",DOUBLE,"[(80, 42)(1, 55)]"
1237663784208106743,NO_PEAK,"[]",NO_PEAK,"[]",NO_PEAK,"[]",SINGLE,"[(20, 24)]",DOUBLE,"[(91, 6)(17, 88)]"
1237663784208106804,NO_PEAK,"[]",NO_PEAK,"[]",NO_PEAK,"[]",NO_PEAK,"[]",DOUBLE,"[(4, 35)(11, 75)]"
1237663784208171033,NO_PEAK,"[]",NO_PEAK,"[]",SINGLE,"[(50, 50)]",SINGLE,"[(50, 50)]",NO_PEAK,"[]"
1237663784208171251,NO_PEAK,"[]",NO_PEAK,"[]",NO_PEAK,"[]",NO_PEAK,"[]",DOUBLE,"[(66, 77)(54, 98)]"
1237663784208171307,NO_PEAK,"[]",NO_PEAK,"[]",NO_PEAK,"[]",NO_PEAK,"[]",DOUBLE,"[(80, 83)(32, 74)]"
1237663784208171334,SINGLE,"[(95, 90)]",NO_PEAK,"[]",SINGLE,"[(14, 23)]",SINGLE,"[(14, 23)]",DOUBLE,"[(51, 50)(14, 23)]"
1237663784208171345,NO_PEAK,"[]",NO_PEAK,"[]",NO_PEAK,"[]",NO_PEAK,"[]",DOUBLE,"[(75, 87)(95, 40)]"
1237663784208171443,NO_PEAK,"[]",NO_PEAK,"[]",NO_PEAK,"[]",NO_PEAK,"[]",NO_PEAK,"[]"
1237663784208171473,NO_PEAK,"[]",NO_PEAK,"[]",NO_PEAK,"[]",SINGLE,"[(28, 7)]",DOUBLE,"[(29, 7)(1, 59)]"
1237663784208171478,NO_PEAK,"[]",NO_PEAK,"[]",SINGLE,"[(50, 50)]",NO_PEAK,"[]",DOUBLE,"[(49, 50)(9, 57)]"
1237663784208171534,NO_PEAK,"[]",NO_PEAK,"[]",NO_PEAK,"[]",SINGLE,"[(90, 12)]",DOUBLE,"[(93, 7)(50, 50)]"
1237663784208171562,SINGLE,"[(34, 44)]",NO_PEAK,"[]",NO_PEAK,"[]",NO_PEAK,"[]",DOUBLE,"[(28, 68)(66, 7)]"
1237663784208171586,NO_PEAK,"[]",NO_PEAK,"[]",SINGLE,"[(50, 50)]",SINGLE,"[(50, 50)]",DOUBLE,"[(50, 50)(56, 1)]"
1237663784208171725,NO_PEAK,"[]",NO_PEAK,"[]",SINGLE,"[(17, 23)]",SINGLE,"[(17, 23)]",DOUBLE,"[(16, 24)(50, 50)]"
1237663784208171730,NO_PEAK,"[]",NO_PEAK,"[]",NO_PEAK,"[]",NO_PEAK,"[]",NO_PEAK,"[]"
1237663784208171750,NO_PEAK,"[]",NO_PEAK,"[]",NO_PEAK,"[]",NO_PEAK,"[]",DOUBLE,"[(16, 6)(64, 11)]"
1237663784207123195,NO_PEAK,"[]",NO_PEAK,"[]",SINGLE,"[(50, 50)]",NO_PEAK,"[]",DOUBLE,"[(49, 50)(3, 3)]"
1237663784208171964,NO_PEAK,"[]",NO_PEAK,"[]",NO_PEAK,"[]",NO_PEAK,"[]",DOUBLE,"[(73, 26)(7, 96)]"
1237663784207123206,NO_PEAK,"[]",NO_PEAK,"[]",NO_PEAK,"[]",NO_PEAK,"[]",DOUBLE,"[(92, 75)(65, 57)]"
1237663784207123292,SINGLE,"[(81, 87)]",NO_PEAK,"[]",SINGLE,"[(46, 28)]",SINGLE,"[(45, 28)]",DOUBLE,"[(45, 28)(53, 68)]"
1237663784207123310,NO_PEAK,"[]",NO_PEAK,"[]",NO_PEAK,"[]",SINGLE,"[(21, 32)]",DOUBLE,"[(71, 89)(49, 32)]"
1237663784208171981,SINGLE,"[(13, 43)]",NO_PEAK,"[]",NO_PEAK,"[]",NO_PEAK,"[]",DOUBLE,"[(59, 79)(51, 48)]"
1237663784208172059,NO_PEAK,"[]",NO_PEAK,"[]",NO_PEAK,"[]",SINGLE,"[(14, 25)]",DOUBLE,"[(63, 74)(14, 24)]"
1237663784208172135,NO_PEAK,"[]",NO_PEAK,"[]",NO_PEAK,"[]",NO_PEAK,"[]",DOUBLE,"[(95, 52)(68, 45)]"
1237663784208172189,NO_PEAK,"[]",NO_PEAK,"[]",NO_PEAK,"[]",NO_PEAK,"[]",DOUBLE,"[(50, 50)(37, 24)]"
1237663784208172194,NO_PEAK,"[]",NO_PEAK,"[]",NO_PEAK,"[]",NO_PEAK,"[]",DOUBLE,"[(50, 51)(36, 53)]"
1237663784208236648,NO_PEAK,"[]",NO_PEAK,"[]",SINGLE,"[(53, 36)]",SINGLE,"[(53, 35)]",DOUBLE,"[(53, 35)(50, 50)]"
1237663784208236757,NO_PEAK,"[]",NO_PEAK,"[]",SINGLE,"[(50, 50)]",NO_PEAK,"[]",DOUBLE,"[(49, 50)(72, 28)]"
1237663784208236854,NO_PEAK,"[]",NO_PEAK,"[]",NO_PEAK,"[]",NO_PEAK,"[]",DOUBLE,"[(34, 88)(10, 11)]"
1237663784208236951,NO_PEAK,"[]",NO_PEAK,"[]",SINGLE,"[(50, 51)]",SINGLE,"[(50, 50)]",DOUBLE,"[(50, 51)(8, 35)]"
1237663784208236968,NO_PEAK,"[]",NO_PEAK,"[]",SINGLE,"[(51, 50)]",NO_PEAK,"[]",DOUBLE,"[(89, 82)(90, 35)]"
1237663784208237089,NO_PEAK,"[]",NO_PEAK,"[]",NO_PEAK,"[]",NO_PEAK,"[]",DOUBLE,"[(64, 69)(58, 4)]"
1237663784208237130,NO_PEAK,"[]",NO_PEAK,"[]",NO_PEAK,"[]",SINGLE,"[(50, 50)]",DOUBLE,"[(80, 60)(50, 50)]"
1237663784208237143,NO_PEAK,"[]",NO_PEAK,"[]",NO_PEAK,"[]",NO_PEAK,"[]",DOUBLE,"[(70, 41)(82, 32)]"
1237663784208237253,NO_PEAK,"[]",NO_PEAK,"[]",NO_PEAK,"[]",NO_PEAK,"[]",DOUBLE,"[(5, 86)(32, 18)]"
1237663784208237292,NO_PEAK,"[]",NO_PEAK,"[]",NO_PEAK,"[]",NO_PEAK,"[]",DOUBLE,"[(84, 79)(96, 69)]"
1237663784208237358,NO_PEAK,"[]",NO_PEAK,"[]",SINGLE,"[(5, 20)]",SINGLE,"[(5, 20)]",DOUBLE,"[(4, 19)(49, 50)]"
1237663784208237398,NO_PEAK,"[]",NO_PEAK,"[]",NO_PEAK,"[]",SINGLE,"[(4, 36)]",DOUBLE,"[(1, 43)(87, 65)]"
1237663784208237402,NO_PEAK,"[]",NO_PEAK,"[]",SINGLE,"[(36, 32)]",NO_PEAK,"[]",DOUBLE,"[(39, 47)(86, 92)]"
1237663784207188719,SINGLE,"[(74, 9)]",NO_PEAK,"[]",NO_PEAK,"[]",NO_PEAK,"[]",DOUBLE,"[(4, 8)(54, 19)]"
1237663784207188763,NO_PEAK,"[]",NO_PEAK,"[]",NO_PEAK,"[]",NO_PEAK,"[]",DOUBLE,"[(80, 14)(95, 18)]"
1237663784207188891,NO_PEAK,"[]",NO_PEAK,"[]",SINGLE,"[(38, 21)]",SINGLE,"[(37, 21)]",DOUBLE,"[(50, 50)(87, 28)]"
1237663784208302401,NO_PEAK,"[]",NO_PEAK,"[]",SINGLE,"[(41, 11)]",NO_PEAK,"[]",DOUBLE,"[(93, 13)(49, 50)]"
1237663784208302402,NO_PEAK,"[]",NO_PEAK,"[]",SINGLE,"[(28, 7)]",NO_PEAK,"[]",DOUBLE,"[(80, 9)(36, 46)]"
1237663784208302405,NO_PEAK,"[]",NO_PEAK,"[]",NO_PEAK,"[]",SINGLE,"[(56, 42)]",DOUBLE,"[(55, 41)(67, 99)]"
1237663784208302443,NO_PEAK,"[]",NO_PEAK,"[]",NO_PEAK,"[]",NO_PEAK,"[]",DOUBLE,"[(35, 58)(71, 69)]"
1237663784208302506,NO_PEAK,"[]",NO_PEAK,"[]",NO_PEAK,"[]",NO_PEAK,"[]",DOUBLE,"[(60, 47)(97, 4)]"
1237663784208302592,NO_PEAK,"[]",NO_PEAK,"[]",NO_PEAK,"[]",SINGLE,"[(23, 65)]",DOUBLE,"[(87, 12)(99, 40)]"
1237663784208302705,NO_PEAK,"[]",NO_PEAK,"[]",NO_PEAK,"[]",NO_PEAK,"[]",DOUBLE,"[(44, 36)(85, 94)]"
1237663784208302712,NO_PEAK,"[]",NO_PEAK,"[]",NO_PEAK,"[]",SINGLE,"[(52, 52)]",NO_PEAK,"[]"
1237663784208302766,NO_PEAK,"[]",NO_PEAK,"[]",SINGLE,"[(50, 50)]",NO_PEAK,"[]",DOUBLE,"[(50, 50)(6, 87)]"
1237663784208302952,SINGLE,"[(25, 20)]",NO_PEAK,"[]",NO_PEAK,"[]",NO_PEAK,"[]",DOUBLE,"[(61, 17)(49, 50)]"
1237663784208303051,NO_PEAK,"[]",NO_PEAK,"[]",NO_PEAK,"[]",NO_PEAK,"[]",NO_PEAK,"[]"
1237663784208303101,NO_PEAK,"[]",NO_PEAK,"[]",NO_PEAK,"[]",NO_PEAK,"[]",DOUBLE,"[(59, 59)(86, 88)]"
1237663784208303116,NO_PEAK,"[]",NO_PEAK,"[]",NO_PEAK,"[]",NO_PEAK,"[]",DOUBLE,"[(53, 2)(47, 51)]"
1237663784208303134,SINGLE,"[(29, 20)]",NO_PEAK,"[]",NO_PEAK,"[]",NO_PEAK,"[]",DOUBLE,"[(50, 51)(20, 24)]"
1237663784208368082,NO_PEAK,"[]",NO_PEAK,"[]",NO_PEAK,"[]",SINGLE,"[(50, 51)]",DOUBLE,"[(81, 95)(60, 22)]"
1237663784208368084,NO_PEAK,"[]",NO_PEAK,"[]",NO_PEAK,"[]",NO_PEAK,"[]",NO_PEAK,"[]"
1237663784208368392,SINGLE,"[(1, 14)]",NO_PEAK,"[]",SINGLE,"[(46, 22)]",NO_PEAK,"[]",DOUBLE,"[(78, 2)(73, 36)]"
1237663784208368403,NO_PEAK,"[]",NO_PEAK,"[]",NO_PEAK,"[]",SINGLE,"[(32, 24)]",DOUBLE,"[(11, 41)(24, 12)]"
1237663784208368501,NO_PEAK,"[]",NO_PEAK,"[]",NO_PEAK,"[]",SINGLE,"[(83, 49)]",DOUBLE,"[(83, 49)(50, 92)]"
1237663784208433335,NO_PEAK,"[]",SINGLE,"[(50, 50)]",SINGLE,"[(50, 50)]",SINGLE,"[(50, 50)]",DOUBLE,"[(50, 50)(67, 15)]"
1237663784208433404,NO_PEAK,"[]",SINGLE,"[(50, 50)]",SINGLE,"[(50, 50)]",SINGLE,"[(50, 50)]",DOUBLE,"[(50, 50)(95, 59)]"
1237663784208433518,NO_PEAK,"[]",NO_PEAK,"[]",SINGLE,"[(50, 50)]",NO_PEAK,"[]",DOUBLE,"[(50, 49)(83, 73)]"
1237663784208433541,NO_PEAK,"[]",NO_PEAK,"[]",SINGLE,"[(50, 50)]",NO_PEAK,"[]",DOUBLE,"[(50, 49)(16, 82)]"
1237663784208433624,NO_PEAK,"[]",NO_PEAK,"[]",NO_PEAK,"[]",NO_PEAK,"[]",DOUBLE,"[(10, 53)(50, 49)]"
1237663784208433790,NO_PEAK,"[]",NO_PEAK,"[]",SINGLE,"[(27, 39)]",NO_PEAK,"[]",DOUBLE,"[(93, 78)(58, 87)]"
1237663784207254117,NO_PEAK,"[]",NO_PEAK,"[]",NO_PEAK,"[]",NO_PEAK,"[]",DOUBLE,"[(35, 76)(69, 56)]"
1237663784207254274,SINGLE,"[(45, 38)]",NO_PEAK,"[]",NO_PEAK,"[]",NO_PEAK,"[]",DOUBLE,"[(14, 77)(26, 49)]"
1237663784207254276,NO_PEAK,"[]",NO_PEAK,"[]",SINGLE,"[(50, 50)]",NO_PEAK,"[]",DOUBLE,"[(51, 50)(65, 39)]"
1237663784208434280,NO_PEAK,"[]",NO_PEAK,"[]",NO_PEAK,"[]",NO_PEAK,"[]",DOUBLE,"[(40, 91)(31, 78)]"
1237663784208434311,NO_PEAK,"[]",NO_PEAK,"[]",NO_PEAK,"[]",NO_PEAK,"[]",DOUBLE,"[(50, 49)(70, 73)]"
1237663784208498715,NO_PEAK,"[]",NO_PEAK,"[]",NO_PEAK,"[]",NO_PEAK,"[]",SINGLE,"[(27, 31)]"
1237663784208498961,SINGLE,"[(91, 37)]",NO_PEAK,"[]",NO_PEAK,"[]",NO_PEAK,"[]",DOUBLE,"[(48, 77)(92, 1)]"
1237663784208498976,NO_PEAK,"[]",NO_PEAK,"[]",NO_PEAK,"[]",NO_PEAK,"[]",DOUBLE,"[(2, 18)(20, 25)]"
1237663784208499011,NO_PEAK,"[]",SINGLE,"[(50, 50)]",NO_PEAK,"[]",SINGLE,"[(4, 44)]",DOUBLE,"[(82, 37)(5, 45)]"
1237663784208499013,NO_PEAK,"[]",NO_PEAK,"[]",NO_PEAK,"[]",SINGLE,"[(8, 43)]",DOUBLE,"[(86, 36)(9, 44)]"
1237663784208499103,NO_PEAK,"[]",NO_PEAK,"[]",NO_PEAK,"[]",NO_PEAK,"[]",NO_PEAK,"[]"
1237663784208499229,NO_PEAK,"[]",NO_PEAK,"[]",NO_PEAK,"[]",NO_PEAK,"[]",DOUBLE,"[(30, 89)(33, 99)]"
1237663784208499319,NO_PEAK,"[]",NO_PEAK,"[]",NO_PEAK,"[]",SINGLE,"[(50, 50)]",DOUBLE,"[(63, 63)(80, 11)]"
1237663784208499351,NO_PEAK,"[]",NO_PEAK,"[]",NO_PEAK,"[]",NO_PEAK,"[]",DOUBLE,"[(90, 69)(86, 82)]"
1237663784208499454,NO_PEAK,"[]",NO_PEAK,"[]",SINGLE,"[(50, 50)]",SINGLE,"[(50, 50)]",DOUBLE,"[(50, 51)(39, 74)]"
1237663784208499878,NO_PEAK,"[]",NO_PEAK,"[]",NO_PEAK,"[]",NO_PEAK,"[]",DOUBLE,"[(89, 45)(63, 83)]"
1237663784208499912,NO_PEAK,"[]",NO_PEAK,"[]",NO_PEAK,"[]",SINGLE,"[(55, 15)]",DOUBLE,"[(56, 15)(99, 66)]"
1237663784208499923,NO_PEAK,"[]",NO_PEAK,"[]",NO_PEAK,"[]",NO_PEAK,"[]",DOUBLE,"[(57, 99)(77, 6)]"
1237663784208499947,NO_PEAK,"[]",NO_PEAK,"[]",NO_PEAK,"[]",NO_PEAK,"[]",DOUBLE,"[(37, 28)(44, 73)]"
1237663784208499959,NO_PEAK,"[]",NO_PEAK,"[]",NO_PEAK,"[]",NO_PEAK,"[]",DOUBLE,"[(87, 87)(5, 86)]"
1237663784208500038,NO_PEAK,"[]",NO_PEAK,"[]",NO_PEAK,"[]",NO_PEAK,"[]",DOUBLE,"[(29, 99)(22, 1)]"
1237663784208564516,NO_PEAK,"[]",SINGLE,"[(49, 50)]",SINGLE,"[(50, 50)]",NO_PEAK,"[]",DOUBLE,"[(49, 49)(33, 53)]"
1237663784208564682,NO_PEAK,"[]",NO_PEAK,"[]",SINGLE,"[(10, 38)]",SINGLE,"[(10, 38)]",DOUBLE,"[(9, 37)(49, 51)]"
1237663784208564689,NO_PEAK,"[]",NO_PEAK,"[]",NO_PEAK,"[]",SINGLE,"[(12, 30)]",DOUBLE,"[(22, 53)(63, 8)]"
1237663784208564699,NO_PEAK,"[]",NO_PEAK,"[]",NO_PEAK,"[]",NO_PEAK,"[]",DOUBLE,"[(91, 66)(73, 15)]"
1237663784207320167,NO_PEAK,"[]",NO_PEAK,"[]",NO_PEAK,"[]",NO_PEAK,"[]",DOUBLE,"[(6, 20)(26, 14)]"
1237663784207320239,SINGLE,"[(46, 60)]",NO_PEAK,"[]",NO_PEAK,"[]",NO_PEAK,"[]",DOUBLE,"[(37, 51)(72, 83)]"
1237663784207320411,NO_PEAK,"[]",NO_PEAK,"[]",NO_PEAK,"[]",NO_PEAK,"[]",DOUBLE,"[(89, 21)(50, 50)]"
1237663784207320433,NO_PEAK,"[]",NO_PEAK,"[]",NO_PEAK,"[]",NO_PEAK,"[]",DOUBLE,"[(48, 92)(16, 65)]"
1237663784208564809,NO_PEAK,"[]",NO_PEAK,"[]",NO_PEAK,"[]",SINGLE,"[(29, 28)]",DOUBLE,"[(76, 56)(70, 49)]"
1237663784208564817,DOUBLE,"[(10, 17)(2, 16)]",NO_PEAK,"[]",NO_PEAK,"[]",NO_PEAK,"[]",DOUBLE,"[(11, 16)(42, 50)]"
1237663784208565261,NO_PEAK,"[]",NO_PEAK,"[]",NO_PEAK,"[]",NO_PEAK,"[]",DOUBLE,"[(77, 68)(17, 84)]"
1237663784208565292,NO_PEAK,"[]",NO_PEAK,"[]",NO_PEAK,"[]",NO_PEAK,"[]",DOUBLE,"[(97, 83)(8, 90)]"
1237663784208565395,NO_PEAK,"[]",NO_PEAK,"[]",NO_PEAK,"[]",NO_PEAK,"[]",DOUBLE,"[(18, 33)(99, 55)]"
1237663784208565468,NO_PEAK,"[]",NO_PEAK,"[]",NO_PEAK,"[]",NO_PEAK,"[]",DOUBLE,"[(89, 3)(3, 11)]"
1237663784208565469,NO_PEAK,"[]",NO_PEAK,"[]",NO_PEAK,"[]",NO_PEAK,"[]",DOUBLE,"[(24, 90)(26, 49)]"
1237663784208629879,NO_PEAK,"[]",NO_PEAK,"[]",NO_PEAK,"[]",NO_PEAK,"[]",DOUBLE,"[(33, 38)(67, 82)]"
1237663784208629960,NO_PEAK,"[]",SINGLE,"[(50, 49)]",SINGLE,"[(50, 50)]",SINGLE,"[(50, 50)]",DOUBLE,"[(50, 51)(82, 95)]"
1237663784207385201,SINGLE,"[(54, 13)]",NO_PEAK,"[]",SINGLE,"[(44, 35)]",NO_PEAK,"[]",DOUBLE,"[(75, 85)(93, 66)]"
1237663784208630030,NO_PEAK,"[]",SINGLE,"[(34, 38)]",SINGLE,"[(41, 23)]",SINGLE,"[(40, 23)]",DOUBLE,"[(96, 96)(97, 78)]"
1237663784208630070,SINGLE,"[(30, 31)]",NO_PEAK,"[]",NO_PEAK,"[]",SINGLE,"[(4, 28)]",DOUBLE,"[(43, 98)(21, 96)]"
1237663784208630131,NO_PEAK,"[]",NO_PEAK,"[]",SINGLE,"[(50, 50)]",NO_PEAK,"[]",NO_PEAK,"[]"
1237663784207385424,NO_PEAK,"[]",NO_PEAK,"[]",NO_PEAK,"[]",DOUBLE,"[(51, 50)(55, 45)]",DOUBLE,"[(90, 76)(73, 62)]"
1237663784207385578,NO_PEAK,"[]",NO_PEAK,"[]",NO_PEAK,"[]",SINGLE,"[(50, 51)]",DOUBLE,"[(85, 77)(93, 7)]"
1237663784207385584,NO_PEAK,"[]",NO_PEAK,"[]",NO_PEAK,"[]",NO_PEAK,"[]",DOUBLE,"[(46, 34)(15, 47)]"
1237663784207385588,NO_PEAK,"[]",NO_PEAK,"[]",NO_PEAK,"[]",NO_PEAK,"[]",DOUBLE,"[(99, 50)(48, 57)]"
1237663784208630175,SINGLE,"[(24, 40)]",NO_PEAK,"[]",NO_PEAK,"[]",SINGLE,"[(7, 15)]",DOUBLE,"[(78, 96)(8, 15)]"
1237663784208630181,SINGLE,"[(66, 88)]",NO_PEAK,"[]",NO_PEAK,"[]",NO_PEAK,"[]",DOUBLE,"[(62, 14)(52, 49)]"
1237663784208630251,NO_PEAK,"[]",NO_PEAK,"[]",NO_PEAK,"[]",NO_PEAK,"[]",DOUBLE,"[(39, 19)(1, 67)]"
1237663784208630414,NO_PEAK,"[]",NO_PEAK,"[]",NO_PEAK,"[]",NO_PEAK,"[]",DOUBLE,"[(89, 1)(62, 13)]"
1237663784208630425,NO_PEAK,"[]",NO_PEAK,"[]",SINGLE,"[(50, 50)]",NO_PEAK,"[]",DOUBLE,"[(50, 50)(60, 35)]"
1237663784208630470,NO_PEAK,"[]",NO_PEAK,"[]",NO_PEAK,"[]",NO_PEAK,"[]",DOUBLE,"[(11, 69)(11, 98)]"
1237663784208630647,NO_PEAK,"[]",NO_PEAK,"[]",NO_PEAK,"[]",NO_PEAK,"[]",DOUBLE,"[(31, 99)(4, 52)]"
1237663784208630742,NO_PEAK,"[]",NO_PEAK,"[]",NO_PEAK,"[]",NO_PEAK,"[]",NO_PEAK,"[]"
1237663784207450785,NO_PEAK,"[]",NO_PEAK,"[]",SINGLE,"[(50, 50)]",SINGLE,"[(50, 50)]",DOUBLE,"[(51, 49)(27, 79)]"
1237663784207451038,NO_PEAK,"[]",NO_PEAK,"[]",NO_PEAK,"[]",NO_PEAK,"[]",DOUBLE,"[(45, 83)(86, 68)]"
1237663784207451082,NO_PEAK,"[]",NO_PEAK,"[]",NO_PEAK,"[]",NO_PEAK,"[]",DOUBLE,"[(42, 66)(8, 47)]"
1237663784208630797,NO_PEAK,"[]",NO_PEAK,"[]",NO_PEAK,"[]",NO_PEAK,"[]",DOUBLE,"[(35, 39)(70, 15)]"
1237663784207451122,NO_PEAK,"[]",NO_PEAK,"[]",NO_PEAK,"[]",SINGLE,"[(27, 47)]",NO_PEAK,"[]"
1237663784207451141,SINGLE,"[(24, 28)]",NO_PEAK,"[]",NO_PEAK,"[]",NO_PEAK,"[]",DOUBLE,"[(16, 92)(70, 42)]"
1237663784207451196,NO_PEAK,"[]",NO_PEAK,"[]",NO_PEAK,"[]",NO_PEAK,"[]",DOUBLE,"[(29, 5)(93, 42)]"
1237663784208695800,NO_PEAK,"[]",NO_PEAK,"[]",NO_PEAK,"[]",NO_PEAK,"[]",DOUBLE,"[(57, 9)(27, 31)]"
1237663784207451374,NO_PEAK,"[]",NO_PEAK,"[]",NO_PEAK,"[]",NO_PEAK,"[]",DOUBLE,"[(11, 22)(67, 99)]"
1237663784207451457,NO_PEAK,"[]",NO_PEAK,"[]",NO_PEAK,"[]",SINGLE,"[(20, 32)]",DOUBLE,"[(14, 55)(63, 58)]"
1237663784207515772,NO_PEAK,"[]",NO_PEAK,"[]",NO_PEAK,"[]",NO_PEAK,"[]",NO_PEAK,"[]"
1237663784207515855,NO_PEAK,"[]",NO_PEAK,"[]",NO_PEAK,"[]",SINGLE,"[(62, 79)]",DOUBLE,"[(62, 80)(78, 35)]"
1237663784207515866,SINGLE,"[(89, 12)]",NO_PEAK,"[]",NO_PEAK,"[]",NO_PEAK,"[]",DOUBLE,"[(61, 36)(85, 85)]"
1237663784207515924,NO_PEAK,"[]",SINGLE,"[(50, 50)]",SINGLE,"[(36, 43)]",SINGLE,"[(36, 43)]",DOUBLE,"[(36, 43)(24, 68)]"
1237663784207515988,SINGLE,"[(33, 31)]",NO_PEAK,"[]",NO_PEAK,"[]",NO_PEAK,"[]",DOUBLE,"[(68, 70)(5, 81)]"
1237663784207516065,NO_PEAK,"[]",NO_PEAK,"[]",SINGLE,"[(50, 50)]",SINGLE,"[(50, 50)]",DOUBLE,"[(50, 50)(60, 99)]"
1237663784207516115,NO_PEAK,"[]",NO_PEAK,"[]",NO_PEAK,"[]",SINGLE,"[(15, 24)]",DOUBLE,"[(91, 25)(73, 37)]"
1237663784208695834,SINGLE,"[(46, 14)]",NO_PEAK,"[]",NO_PEAK,"[]",NO_PEAK,"[]",DOUBLE,"[(49, 50)(80, 74)]"
1237663784208695914,NO_PEAK,"[]",NO_PEAK,"[]",NO_PEAK,"[]",NO_PEAK,"[]",NO_PEAK,"[]"1237663784208695972,NO_PEAK,"[]",NO_PEAK,"[]",NO_PEAK,"[]",NO_PEAK,"[]",DOUBLE,"[(52, 29)(27, 79)]"
1237663784208696040,NO_PEAK,"[]",NO_PEAK,"[]",NO_PEAK,"[]",NO_PEAK,"[]",DOUBLE,"[(90, 37)(84, 79)]"
1237663784208696058,SINGLE,"[(47, 15)]",NO_PEAK,"[]",NO_PEAK,"[]",NO_PEAK,"[]",DOUBLE,"[(47, 15)(1, 32)]"
1237663784208696070,NO_PEAK,"[]",NO_PEAK,"[]",NO_PEAK,"[]",NO_PEAK,"[]",DOUBLE,"[(84, 75)(50, 35)]"
1237663784207516404,SINGLE,"[(21, 28)]",NO_PEAK,"[]",SINGLE,"[(50, 50)]",SINGLE,"[(50, 50)]",DOUBLE,"[(70, 84)(51, 43)]"
1237663784207516598,NO_PEAK,"[]",NO_PEAK,"[]",NO_PEAK,"[]",NO_PEAK,"[]",DOUBLE,"[(5, 93)(67, 29)]"
1237663784207516616,NO_PEAK,"[]",NO_PEAK,"[]",NO_PEAK,"[]",NO_PEAK,"[]",DOUBLE,"[(6, 77)(82, 14)]"
1237663784208696150,NO_PEAK,"[]",NO_PEAK,"[]",NO_PEAK,"[]",NO_PEAK,"[]",DOUBLE,"[(6, 90)(74, 94)]"
1237663784208696182,SINGLE,"[(27, 15)]",NO_PEAK,"[]",NO_PEAK,"[]",NO_PEAK,"[]",DOUBLE,"[(56, 30)(86, 59)]"
1237663784208696291,SINGLE,"[(72, 20)]",NO_PEAK,"[]",NO_PEAK,"[]",NO_PEAK,"[]",DOUBLE,"[(21, 82)(70, 95)]"
1237663784208696373,NO_PEAK,"[]",NO_PEAK,"[]",NO_PEAK,"[]",NO_PEAK,"[]",DOUBLE,"[(43, 85)(35, 83)]"
1237663784208761141,NO_PEAK,"[]",NO_PEAK,"[]",NO_PEAK,"[]",NO_PEAK,"[]",DOUBLE,"[(55, 90)(88, 64)]"
1237663784208761248,SINGLE,"[(65, 33)]",NO_PEAK,"[]",NO_PEAK,"[]",NO_PEAK,"[]",DOUBLE,"[(50, 50)(45, 53)]"
1237663784208761323,NO_PEAK,"[]",NO_PEAK,"[]",SINGLE,"[(20, 5)]",NO_PEAK,"[]",DOUBLE,"[(53, 47)(69, 18)]"
1237663784208761371,SINGLE,"[(84, 70)]",NO_PEAK,"[]",SINGLE,"[(50, 50)]",NO_PEAK,"[]",DOUBLE,"[(68, 64)(91, 61)]"
1237663784208761474,SINGLE,"[(52, 12)]",NO_PEAK,"[]",SINGLE,"[(50, 51)]",NO_PEAK,"[]",DOUBLE,"[(3, 77)(51, 49)]"
1237663784208761533,NO_PEAK,"[]",NO_PEAK,"[]",NO_PEAK,"[]",SINGLE,"[(16, 35)]",DOUBLE,"[(50, 50)(25, 69)]"
1237663784207582089,SINGLE,"[(95, 98)]",NO_PEAK,"[]",NO_PEAK,"[]",NO_PEAK,"[]",DOUBLE,"[(65, 54)(6, 39)]"
1237663784207582114,NO_PEAK,"[]",NO_PEAK,"[]",NO_PEAK,"[]",NO_PEAK,"[]",DOUBLE,"[(37, 45)(86, 82)]"
1237663784207582139,NO_PEAK,"[]",NO_PEAK,"[]",NO_PEAK,"[]",SINGLE,"[(48, 40)]",DOUBLE,"[(82, 81)(27, 3)]"
1237663784207582208,SINGLE,"[(14, 73)]",NO_PEAK,"[]",NO_PEAK,"[]",NO_PEAK,"[]",DOUBLE,"[(50, 1)(74, 17)]"
1237663784207582240,NO_PEAK,"[]",NO_PEAK,"[]",NO_PEAK,"[]",SINGLE,"[(20, 33)]",DOUBLE,"[(96, 51)(23, 40)]"
1237663784209810677,NO_PEAK,"[]",NO_PEAK,"[]",NO_PEAK,"[]",SINGLE,"[(8, 74)]",DOUBLE,"[(7, 52)(86, 33)]"
1237663784207646859,NO_PEAK,"[]",NO_PEAK,"[]",NO_PEAK,"[]",SINGLE,"[(62, 40)]",NO_PEAK,"[]"
1237663784209810711,SINGLE,"[(10, 70)]",NO_PEAK,"[]",NO_PEAK,"[]",NO_PEAK,"[]",DOUBLE,"[(77, 78)(18, 51)]"
1237663784208761585,NO_PEAK,"[]",NO_PEAK,"[]",NO_PEAK,"[]",NO_PEAK,"[]",DOUBLE,"[(54, 82)(86, 47)]"
1237663784208761594,SINGLE,"[(36, 59)]",NO_PEAK,"[]",SINGLE,"[(28, 26)]",SINGLE,"[(28, 26)]",DOUBLE,"[(29, 26)(72, 80)]"
1237663784208761738,NO_PEAK,"[]",NO_PEAK,"[]",NO_PEAK,"[]",NO_PEAK,"[]",DOUBLE,"[(76, 10)(7, 87)]"
1237663784208826625,NO_PEAK,"[]",SINGLE,"[(45, 13)]",SINGLE,"[(45, 13)]",SINGLE,"[(46, 13)]",DOUBLE,"[(45, 14)(49, 50)]"
1237663784208826710,NO_PEAK,"[]",NO_PEAK,"[]",NO_PEAK,"[]",NO_PEAK,"[]",NO_PEAK,"[]"
1237663784208826754,NO_PEAK,"[]",NO_PEAK,"[]",SINGLE,"[(50, 49)]",NO_PEAK,"[]",DOUBLE,"[(6, 6)(33, 13)]"
1237663784208826803,NO_PEAK,"[]",NO_PEAK,"[]",NO_PEAK,"[]",NO_PEAK,"[]",DOUBLE,"[(17, 10)(73, 52)]"
1237663784208826921,NO_PEAK,"[]",SINGLE,"[(50, 50)]",SINGLE,"[(50, 50)]",SINGLE,"[(50, 50)]",DOUBLE,"[(49, 50)(82, 15)]"
1237663784207647928,SINGLE,"[(19, 51)]",NO_PEAK,"[]",NO_PEAK,"[]",NO_PEAK,"[]",DOUBLE,"[(30, 55)(12, 61)]"
1237663784207647934,NO_PEAK,"[]",NO_PEAK,"[]",NO_PEAK,"[]",NO_PEAK,"[]",DOUBLE,"[(48, 68)(23, 81)]"
1237663784207648008,NO_PEAK,"[]",NO_PEAK,"[]",NO_PEAK,"[]",NO_PEAK,"[]",DOUBLE,"[(31, 49)(50, 49)]"
1237663784208827526,SINGLE,"[(19, 26)]",NO_PEAK,"[]",NO_PEAK,"[]",NO_PEAK,"[]",DOUBLE,"[(8, 82)(50, 78)]"
1237663784208827573,NO_PEAK,"[]",NO_PEAK,"[]",NO_PEAK,"[]",NO_PEAK,"[]",DOUBLE,"[(75, 58)(69, 4)]"
1237663784208891961,NO_PEAK,"[]",NO_PEAK,"[]",SINGLE,"[(45, 19)]",SINGLE,"[(45, 19)]",NO_PEAK,"[]"
1237663784208892077,NO_PEAK,"[]",SINGLE,"[(9, 52)]",SINGLE,"[(50, 50)]",SINGLE,"[(50, 50)]",DOUBLE,"[(10, 52)(51, 50)]"
1237663784208892342,SINGLE,"[(14, 26)]",NO_PEAK,"[]",NO_PEAK,"[]",SINGLE,"[(13, 27)]",DOUBLE,"[(34, 96)(14, 26)]"
1237663784208892444,NO_PEAK,"[]",NO_PEAK,"[]",SINGLE,"[(50, 50)]",SINGLE,"[(50, 50)]",DOUBLE,"[(87, 8)(28, 69)]"
1237663784208892470,NO_PEAK,"[]",NO_PEAK,"[]",NO_PEAK,"[]",DOUBLE,"[(39, 13)(39, 24)]",DOUBLE,"[(40, 13)(58, 40)]"
1237663784207648037,NO_PEAK,"[]",NO_PEAK,"[]",NO_PEAK,"[]",NO_PEAK,"[]",DOUBLE,"[(99, 73)(25, 69)]"
1237663784207648083,NO_PEAK,"[]",NO_PEAK,"[]",NO_PEAK,"[]",SINGLE,"[(34, 21)]",DOUBLE,"[(37, 97)(77, 37)]"
1237663784207648098,NO_PEAK,"[]",NO_PEAK,"[]",NO_PEAK,"[]",NO_PEAK,"[]",NO_PEAK,"[]"
1237663784208892845,NO_PEAK,"[]",NO_PEAK,"[]",SINGLE,"[(22, 41)]",SINGLE,"[(21, 41)]",DOUBLE,"[(81, 60)(57, 85)]"
1237663784208892850,NO_PEAK,"[]",NO_PEAK,"[]",SINGLE,"[(54, 16)]",NO_PEAK,"[]",DOUBLE,"[(48, 91)(70, 52)]"
1237663784208892892,SINGLE,"[(26, 1)]",NO_PEAK,"[]",NO_PEAK,"[]",NO_PEAK,"[]",DOUBLE,"[(24, 89)(88, 20)]"
1237663784208892895,NO_PEAK,"[]",NO_PEAK,"[]",NO_PEAK,"[]",NO_PEAK,"[]",DOUBLE,"[(8, 80)(59, 74)]"
1237663784208893103,NO_PEAK,"[]",NO_PEAK,"[]",NO_PEAK,"[]",NO_PEAK,"[]",DOUBLE,"[(49, 50)(92, 1)]"
1237663784208893119,NO_PEAK,"[]",NO_PEAK,"[]",NO_PEAK,"[]",NO_PEAK,"[]",DOUBLE,"[(66, 81)(31, 83)]"
1237663784208957494,NO_PEAK,"[]",NO_PEAK,"[]",NO_PEAK,"[]",NO_PEAK,"[]",NO_PEAK,"[]"
1237663784208957507,NO_PEAK,"[]",NO_PEAK,"[]",NO_PEAK,"[]",SINGLE,"[(26, 56)]",NO_PEAK,"[]"
1237663784208957532,NO_PEAK,"[]",NO_PEAK,"[]",NO_PEAK,"[]",NO_PEAK,"[]",NO_PEAK,"[]"
1237663784208957647,NO_PEAK,"[]",SINGLE,"[(50, 51)]",SINGLE,"[(51, 50)]",SINGLE,"[(50, 50)]",NO_PEAK,"[]"
1237663784208957791,NO_PEAK,"[]",NO_PEAK,"[]",NO_PEAK,"[]",NO_PEAK,"[]",DOUBLE,"[(95, 81)(15, 62)]"
1237663784208957796,NO_PEAK,"[]",NO_PEAK,"[]",NO_PEAK,"[]",SINGLE,"[(72, 99)]",DOUBLE,"[(51, 55)(73, 64)]"
1237663784208957960,NO_PEAK,"[]",NO_PEAK,"[]",SINGLE,"[(49, 49)]",NO_PEAK,"[]",DOUBLE,"[(71, 67)(72, 87)]"
1237663784208957966,NO_PEAK,"[]",NO_PEAK,"[]",NO_PEAK,"[]",NO_PEAK,"[]",DOUBLE,"[(8, 15)(83, 57)]"
1237663784208958014,NO_PEAK,"[]",NO_PEAK,"[]",NO_PEAK,"[]",SINGLE,"[(55, 34)]",DOUBLE,"[(88, 41)(4, 74)]"
1237663784207713367,NO_PEAK,"[]",NO_PEAK,"[]",NO_PEAK,"[]",NO_PEAK,"[]",DOUBLE,"[(29, 4)(41, 63)]"
1237663784207713392,NO_PEAK,"[]",NO_PEAK,"[]",NO_PEAK,"[]",NO_PEAK,"[]",DOUBLE,"[(50, 50)(13, 62)]"
1237663784207713455,NO_PEAK,"[]",NO_PEAK,"[]",NO_PEAK,"[]",NO_PEAK,"[]",DOUBLE,"[(78, 59)(78, 76)]"
1237663784208958052,NO_PEAK,"[]",NO_PEAK,"[]",NO_PEAK,"[]",SINGLE,"[(26, 28)]",DOUBLE,"[(6, 87)(48, 51)]"
1237663784208958054,NO_PEAK,"[]",SINGLE,"[(50, 49)]",SINGLE,"[(50, 50)]",SINGLE,"[(50, 50)]",DOUBLE,"[(50, 50)(67, 10)]"
1237663784208958084,NO_PEAK,"[]",NO_PEAK,"[]",SINGLE,"[(50, 50)]",NO_PEAK,"[]",DOUBLE,"[(32, 49)(50, 50)]"
1237663784208958097,NO_PEAK,"[]",NO_PEAK,"[]",NO_PEAK,"[]",NO_PEAK,"[]",NO_PEAK,"[]"
1237663784208958142,NO_PEAK,"[]",SINGLE,"[(50, 51)]",SINGLE,"[(50, 50)]",SINGLE,"[(32, 11)]",DOUBLE,"[(85, 59)(31, 12)]"
1237663784208958172,NO_PEAK,"[]",NO_PEAK,"[]",NO_PEAK,"[]",NO_PEAK,"[]",DOUBLE,"[(50, 51)(92, 38)]"
1237663784208958237,NO_PEAK,"[]",NO_PEAK,"[]",NO_PEAK,"[]",NO_PEAK,"[]",DOUBLE,"[(43, 71)(66, 90)]"
1237663784208958283,SINGLE,"[(84, 59)]",NO_PEAK,"[]",NO_PEAK,"[]",NO_PEAK,"[]",NO_PEAK,"[]"
1237663784208958710,SINGLE,"[(74, 18)]",NO_PEAK,"[]",SINGLE,"[(27, 19)]",SINGLE,"[(28, 21)]",DOUBLE,"[(9, 51)(73, 85)]"
1237663784208958720,NO_PEAK,"[]",NO_PEAK,"[]",NO_PEAK,"[]",NO_PEAK,"[]",DOUBLE,"[(31, 34)(21, 72)]"
1237663784208958763,SINGLE,"[(50, 97)]",NO_PEAK,"[]",SINGLE,"[(50, 50)]",NO_PEAK,"[]",DOUBLE,"[(57, 70)(39, 95)]"
1237663784208958811,NO_PEAK,"[]",NO_PEAK,"[]",NO_PEAK,"[]",NO_PEAK,"[]",DOUBLE,"[(52, 73)(53, 17)]"
1237663784208958892,NO_PEAK,"[]",NO_PEAK,"[]",NO_PEAK,"[]",NO_PEAK,"[]",DOUBLE,"[(25, 95)(79, 75)]"
1237663784209023084,NO_PEAK,"[]",NO_PEAK,"[]",NO_PEAK,"[]",NO_PEAK,"[]",DOUBLE,"[(10, 99)(20, 88)]"
1237663784209023280,SINGLE,"[(70, 15)]",NO_PEAK,"[]",NO_PEAK,"[]",NO_PEAK,"[]",DOUBLE,"[(66, 72)(51, 63)]"
1237663784209023315,SINGLE,"[(17, 20)]",SINGLE,"[(17, 19)]",SINGLE,"[(17, 20)]",SINGLE,"[(17, 20)]",DOUBLE,"[(49, 50)(10, 7)]"
1237663784209023451,NO_PEAK,"[]",NO_PEAK,"[]",SINGLE,"[(50, 50)]",NO_PEAK,"[]",DOUBLE,"[(63, 38)(15, 30)]"
1237663784209023520,NO_PEAK,"[]",NO_PEAK,"[]",NO_PEAK,"[]",NO_PEAK,"[]",DOUBLE,"[(13, 58)(96, 17)]"
1237663784209023548,SINGLE,"[(25, 32)]",NO_PEAK,"[]",NO_PEAK,"[]",NO_PEAK,"[]",DOUBLE,"[(60, 87)(61, 63)]"
1237663784209023570,NO_PEAK,"[]",NO_PEAK,"[]",NO_PEAK,"[]",NO_PEAK,"[]",DOUBLE,"[(29, 84)(69, 45)]"
1237663784209023593,NO_PEAK,"[]",NO_PEAK,"[]",NO_PEAK,"[]",NO_PEAK,"[]",DOUBLE,"[(46, 97)(49, 51)]"
1237663784207843566,NO_PEAK,"[]",NO_PEAK,"[]",NO_PEAK,"[]",SINGLE,"[(36, 56)]",NO_PEAK,"[]"
1237663784209023600,NO_PEAK,"[]",NO_PEAK,"[]",NO_PEAK,"[]",NO_PEAK,"[]",DOUBLE,"[(77, 73)(30, 61)]"
1237663784209023639,SINGLE,"[(10, 90)]",NO_PEAK,"[]",NO_PEAK,"[]",NO_PEAK,"[]",DOUBLE,"[(67, 11)(94, 81)]"
1237663784209023720,NO_PEAK,"[]",NO_PEAK,"[]",NO_PEAK,"[]",SINGLE,"[(41, 54)]",DOUBLE,"[(41, 55)(94, 2)]"
1237663784209023835,SINGLE,"[(40, 35)]",NO_PEAK,"[]",NO_PEAK,"[]",NO_PEAK,"[]",DOUBLE,"[(72, 17)(2, 38)]"
1237663784209088871,NO_PEAK,"[]",SINGLE,"[(38, 15)]",SINGLE,"[(39, 15)]",SINGLE,"[(39, 15)]",DOUBLE,"[(38, 15)(50, 50)]"
1237663784209088932,NO_PEAK,"[]",SINGLE,"[(50, 50)]",SINGLE,"[(50, 50)]",SINGLE,"[(50, 50)]",DOUBLE,"[(50, 50)(43, 22)]"
1237663784209088944,NO_PEAK,"[]",NO_PEAK,"[]",NO_PEAK,"[]",NO_PEAK,"[]",DOUBLE,"[(38, 47)(2, 15)]"
1237663784209088964,NO_PEAK,"[]",SINGLE,"[(49, 31)]",SINGLE,"[(49, 31)]",NO_PEAK,"[]",DOUBLE,"[(94, 25)(49, 32)]"
1237663784209089035,NO_PEAK,"[]",NO_PEAK,"[]",SINGLE,"[(50, 50)]",NO_PEAK,"[]",DOUBLE,"[(61, 65)(30, 74)]"
1237663784209089040,NO_PEAK,"[]",NO_PEAK,"[]",SINGLE,"[(23, 3)]",SINGLE,"[(23, 3)]",NO_PEAK,"[]"
1237663784207909222,NO_PEAK,"[]",SINGLE,"[(50, 50)]",SINGLE,"[(50, 50)]",SINGLE,"[(50, 50)]",DOUBLE,"[(51, 51)(82, 96)]"
1237663784207909290,NO_PEAK,"[]",NO_PEAK,"[]",NO_PEAK,"[]",SINGLE,"[(62, 81)]",NO_PEAK,"[]"
1237663784209089102,NO_PEAK,"[]",NO_PEAK,"[]",SINGLE,"[(34, 26)]",SINGLE,"[(34, 25)]",DOUBLE,"[(14, 57)(11, 34)]"
1237663784209089103,NO_PEAK,"[]",NO_PEAK,"[]",NO_PEAK,"[]",NO_PEAK,"[]",DOUBLE,"[(1, 50)(22, 18)]"
1237663784209089208,NO_PEAK,"[]",NO_PEAK,"[]",NO_PEAK,"[]",NO_PEAK,"[]",DOUBLE,"[(34, 23)(62, 6)]"
1237663784209089244,NO_PEAK,"[]",NO_PEAK,"[]",SINGLE,"[(6, 61)]",NO_PEAK,"[]",DOUBLE,"[(5, 61)(38, 77)]"
1237663784209089256,NO_PEAK,"[]",NO_PEAK,"[]",NO_PEAK,"[]",NO_PEAK,"[]",NO_PEAK,"[]"
1237663784209089269,SINGLE,"[(63, 98)]",NO_PEAK,"[]",SINGLE,"[(50, 50)]",SINGLE,"[(50, 50)]",DOUBLE,"[(66, 53)(45, 88)]"
1237663784209089288,NO_PEAK,"[]",NO_PEAK,"[]",NO_PEAK,"[]",NO_PEAK,"[]",DOUBLE,"[(6, 71)(36, 86)]"
1237663784209089329,NO_PEAK,"[]",NO_PEAK,"[]",SINGLE,"[(50, 50)]",NO_PEAK,"[]",DOUBLE,"[(99, 6)(79, 1)]"
1237663784209089354,NO_PEAK,"[]",NO_PEAK,"[]",SINGLE,"[(38, 5)]",SINGLE,"[(38, 5)]",DOUBLE,"[(37, 6)(51, 51)]"
1237663784209089364,NO_PEAK,"[]",NO_PEAK,"[]",SINGLE,"[(5, 57)]",SINGLE,"[(50, 50)]",DOUBLE,"[(70, 77)(4, 56)]"
1237663784209089944,NO_PEAK,"[]",NO_PEAK,"[]",NO_PEAK,"[]",NO_PEAK,"[]",DOUBLE,"[(13, 69)(21, 15)]"
1237663784209089950,NO_PEAK,"[]",NO_PEAK,"[]",NO_PEAK,"[]",NO_PEAK,"[]",DOUBLE,"[(83, 73)(81, 68)]"
1237663784209090004,SINGLE,"[(61, 89)]",NO_PEAK,"[]",NO_PEAK,"[]",NO_PEAK,"[]",DOUBLE,"[(48, 41)(50, 89)]"
1237663784209090012,NO_PEAK,"[]",NO_PEAK,"[]",NO_PEAK,"[]",NO_PEAK,"[]",DOUBLE,"[(87, 92)(18, 5)]"
1237663784209154098,NO_PEAK,"[]",DOUBLE,"[(1, 73)(1, 17)]",DOUBLE,"[(68, 70)(1, 73)]",DOUBLE,"[(68, 72)(1, 57)]",NO_PEAK,"[]"
1237663784209154337,NO_PEAK,"[]",SINGLE,"[(50, 50)]",SINGLE,"[(50, 50)]",NO_PEAK,"[]",DOUBLE,"[(48, 99)(66, 43)]"
1237663784209154366,NO_PEAK,"[]",NO_PEAK,"[]",NO_PEAK,"[]",SINGLE,"[(34, 12)]",DOUBLE,"[(58, 52)(46, 44)]"
1237663784209154367,NO_PEAK,"[]",NO_PEAK,"[]",NO_PEAK,"[]",NO_PEAK,"[]",DOUBLE,"[(67, 98)(34, 74)]"
1237663784209154515,NO_PEAK,"[]",NO_PEAK,"[]",NO_PEAK,"[]",NO_PEAK,"[]",DOUBLE,"[(49, 50)(98, 97)]"
1237663784209154518,NO_PEAK,"[]",SINGLE,"[(39, 20)]",SINGLE,"[(40, 21)]",SINGLE,"[(39, 21)]",DOUBLE,"[(78, 15)(62, 35)]"
1237663784209154568,NO_PEAK,"[]",NO_PEAK,"[]",NO_PEAK,"[]",NO_PEAK,"[]",DOUBLE,"[(5, 90)(93, 93)]"
1237663784209154584,NO_PEAK,"[]",NO_PEAK,"[]",NO_PEAK,"[]",NO_PEAK,"[]",DOUBLE,"[(56, 89)(55, 82)]"
1237663784209154632,NO_PEAK,"[]",SINGLE,"[(50, 51)]",SINGLE,"[(50, 50)]",NO_PEAK,"[]",DOUBLE,"[(75, 32)(70, 22)]"
1237663784209154714,NO_PEAK,"[]",NO_PEAK,"[]",SINGLE,"[(66, 18)]",NO_PEAK,"[]",DOUBLE,"[(77, 8)(23, 29)]"
1237663784209154732,NO_PEAK,"[]",NO_PEAK,"[]",NO_PEAK,"[]",NO_PEAK,"[]",DOUBLE,"[(96, 57)(33, 69)]"
1237663784209154745,NO_PEAK,"[]",NO_PEAK,"[]",SINGLE,"[(50, 50)]",NO_PEAK,"[]",DOUBLE,"[(71, 42)(44, 13)]"
1237663784209154787,NO_PEAK,"[]",NO_PEAK,"[]",SINGLE,"[(50, 50)]",SINGLE,"[(23, 8)]",DOUBLE,"[(22, 9)(15, 46)]"
1237663784207974925,NO_PEAK,"[]",NO_PEAK,"[]",NO_PEAK,"[]",NO_PEAK,"[]",DOUBLE,"[(50, 77)(73, 8)]"
1237663784209220638,NO_PEAK,"[]",NO_PEAK,"[]",NO_PEAK,"[]",SINGLE,"[(9, 39)]",DOUBLE,"[(56, 8)(3, 97)]"
1237663784209220641,NO_PEAK,"[]",NO_PEAK,"[]",SINGLE,"[(13, 20)]",SINGLE,"[(14, 20)]",DOUBLE,"[(14, 20)(70, 10)]"
1237663784209220649,NO_PEAK,"[]",NO_PEAK,"[]",SINGLE,"[(28, 12)]",SINGLE,"[(29, 12)]",NO_PEAK,"[]"
1237663784209220816,NO_PEAK,"[]",NO_PEAK,"[]",SINGLE,"[(14, 13)]",NO_PEAK,"[]",DOUBLE,"[(48, 74)(9, 77)]"
1237663784209220833,NO_PEAK,"[]",NO_PEAK,"[]",NO_PEAK,"[]",SINGLE,"[(32, 11)]",DOUBLE,"[(8, 72)(31, 11)]"
1237663784209220838,NO_PEAK,"[]",NO_PEAK,"[]",NO_PEAK,"[]",SINGLE,"[(18, 46)]",DOUBLE,"[(70, 69)(38, 3)]"
1237663784209220856,NO_PEAK,"[]",NO_PEAK,"[]",SINGLE,"[(22, 1)]",NO_PEAK,"[]",DOUBLE,"[(70, 7)(4, 95)]"
1237663784209220868,NO_PEAK,"[]",NO_PEAK,"[]",NO_PEAK,"[]",NO_PEAK,"[]",DOUBLE,"[(88, 17)(62, 71)]"
1237663784209220880,NO_PEAK,"[]",NO_PEAK,"[]",SINGLE,"[(51, 49)]",NO_PEAK,"[]",DOUBLE,"[(28, 15)(15, 71)]"
1237663784209220885,SINGLE,"[(63, 14)]",NO_PEAK,"[]",NO_PEAK,"[]",SINGLE,"[(30, 50)]",DOUBLE,"[(30, 50)(51, 50)]"
1237663784208040479,SINGLE,"[(29, 20)]",NO_PEAK,"[]",NO_PEAK,"[]",SINGLE,"[(51, 50)]",DOUBLE,"[(86, 79)(49, 50)]"
1237663784208040498,NO_PEAK,"[]",NO_PEAK,"[]",NO_PEAK,"[]",SINGLE,"[(61, 6)]",NO_PEAK,"[]"
1237663784209221038,NO_PEAK,"[]",NO_PEAK,"[]",NO_PEAK,"[]",SINGLE,"[(32, 24)]",NO_PEAK,"[]"
1237663784208040562,NO_PEAK,"[]",SINGLE,"[(50, 50)]",SINGLE,"[(50, 50)]",SINGLE,"[(49, 50)]",DOUBLE,"[(74, 42)(16, 90)]"
1237663784209221119,SINGLE,"[(37, 25)]",NO_PEAK,"[]",NO_PEAK,"[]",NO_PEAK,"[]",NO_PEAK,"[]"
1237663784209221138,SINGLE,"[(29, 27)]",NO_PEAK,"[]",NO_PEAK,"[]",NO_PEAK,"[]",DOUBLE,"[(42, 82)(77, 47)]"
1237663784209221143,SINGLE,"[(88, 88)]",NO_PEAK,"[]",NO_PEAK,"[]",NO_PEAK,"[]",DOUBLE,"[(49, 50)(67, 18)]"
1237663784209285167,NO_PEAK,"[]",NO_PEAK,"[]",NO_PEAK,"[]",SINGLE,"[(77, 61)]",NO_PEAK,"[]"
1237663784209285351,SINGLE,"[(43, 26)]",NO_PEAK,"[]",NO_PEAK,"[]",NO_PEAK,"[]",DOUBLE,"[(35, 60)(80, 48)]"
1237663784209285541,SINGLE,"[(47, 73)]",NO_PEAK,"[]",NO_PEAK,"[]",SINGLE,"[(49, 50)]",DOUBLE,"[(13, 80)(51, 43)]"
1237663784209285572,NO_PEAK,"[]",NO_PEAK,"[]",NO_PEAK,"[]",SINGLE,"[(86, 97)]",NO_PEAK,"[]"
1237663784209285630,NO_PEAK,"[]",NO_PEAK,"[]",SINGLE,"[(5, 9)]",NO_PEAK,"[]",DOUBLE,"[(7, 8)(92, 92)]"
1237663784209285667,NO_PEAK,"[]",NO_PEAK,"[]",NO_PEAK,"[]",NO_PEAK,"[]",DOUBLE,"[(83, 25)(56, 33)]"
1237663784209285751,NO_PEAK,"[]",NO_PEAK,"[]",NO_PEAK,"[]",NO_PEAK,"[]",DOUBLE,"[(18, 13)(35, 49)]"
1237663784209285769,SINGLE,"[(15, 29)]",NO_PEAK,"[]",SINGLE,"[(41, 32)]",SINGLE,"[(41, 32)]",DOUBLE,"[(1, 37)(58, 81)]"
1237663784209285778,NO_PEAK,"[]",NO_PEAK,"[]",SINGLE,"[(42, 49)]",SINGLE,"[(26, 29)]",DOUBLE,"[(35, 76)(96, 85)]"
1237663784209285824,NO_PEAK,"[]",NO_PEAK,"[]",NO_PEAK,"[]",SINGLE,"[(30, 50)]",DOUBLE,"[(30, 50)(12, 85)]"
1237663784209285843,SINGLE,"[(17, 2)]",NO_PEAK,"[]",NO_PEAK,"[]",NO_PEAK,"[]",DOUBLE,"[(57, 8)(88, 69)]"
1237663784209286313,SINGLE,"[(83, 55)]",NO_PEAK,"[]",NO_PEAK,"[]",NO_PEAK,"[]",DOUBLE,"[(43, 42)(16, 4)]"
1237663784208106249,NO_PEAK,"[]",NO_PEAK,"[]",SINGLE,"[(50, 50)]",NO_PEAK,"[]",DOUBLE,"[(50, 50)(20, 23)]"
1237663784209286342,NO_PEAK,"[]",NO_PEAK,"[]",NO_PEAK,"[]",NO_PEAK,"[]",DOUBLE,"[(74, 3)(64, 34)]"
1237663784209286348,NO_PEAK,"[]",NO_PEAK,"[]",NO_PEAK,"[]",NO_PEAK,"[]",DOUBLE,"[(50, 50)(49, 31)]"
1237663784209350897,SINGLE,"[(60, 76)]",NO_PEAK,"[]",NO_PEAK,"[]",NO_PEAK,"[]",DOUBLE,"[(57, 45)(20, 8)]"
1237663784209351065,NO_PEAK,"[]",NO_PEAK,"[]",SINGLE,"[(50, 50)]",NO_PEAK,"[]",DOUBLE,"[(16, 36)(33, 92)]"
1237663784209351074,SINGLE,"[(85, 46)]",NO_PEAK,"[]",SINGLE,"[(49, 40)]",SINGLE,"[(49, 40)]",DOUBLE,"[(41, 91)(93, 31)]"
1237663784209351077,SINGLE,"[(89, 91)]",NO_PEAK,"[]",SINGLE,"[(51, 50)]",NO_PEAK,"[]",DOUBLE,"[(78, 19)(50, 50)]"
1237663784209351113,NO_PEAK,"[]",NO_PEAK,"[]",NO_PEAK,"[]",SINGLE,"[(50, 50)]",NO_PEAK,"[]"
1237663784209351172,NO_PEAK,"[]",NO_PEAK,"[]",NO_PEAK,"[]",SINGLE,"[(50, 50)]",DOUBLE,"[(25, 78)(50, 50)]"
1237663784209351207,NO_PEAK,"[]",NO_PEAK,"[]",SINGLE,"[(40, 3)]",SINGLE,"[(40, 4)]",DOUBLE,"[(40, 4)(50, 50)]"
1237663784209351269,NO_PEAK,"[]",NO_PEAK,"[]",NO_PEAK,"[]",NO_PEAK,"[]",DOUBLE,"[(66, 92)(95, 30)]"
1237663784209351270,NO_PEAK,"[]",NO_PEAK,"[]",SINGLE,"[(6, 96)]",SINGLE,"[(3, 28)]",DOUBLE,"[(5, 96)(2, 28)]"
1237663784209351291,NO_PEAK,"[]",NO_PEAK,"[]",NO_PEAK,"[]",NO_PEAK,"[]",DOUBLE,"[(92, 28)(19, 98)]"
1237663784209351324,NO_PEAK,"[]",NO_PEAK,"[]",NO_PEAK,"[]",SINGLE,"[(37, 16)]",DOUBLE,"[(75, 26)(19, 83)]"
1237663784209351351,NO_PEAK,"[]",NO_PEAK,"[]",NO_PEAK,"[]",NO_PEAK,"[]",DOUBLE,"[(94, 88)(51, 69)]"
1237663784209351406,NO_PEAK,"[]",NO_PEAK,"[]",NO_PEAK,"[]",NO_PEAK,"[]",DOUBLE,"[(15, 64)(72, 67)]"
1237663784209351411,NO_PEAK,"[]",NO_PEAK,"[]",SINGLE,"[(50, 50)]",NO_PEAK,"[]",DOUBLE,"[(9, 74)(24, 48)]"
1237663784209351434,NO_PEAK,"[]",NO_PEAK,"[]",NO_PEAK,"[]",NO_PEAK,"[]",DOUBLE,"[(16, 59)(79, 54)]"
1237663784209351499,NO_PEAK,"[]",NO_PEAK,"[]",NO_PEAK,"[]",SINGLE,"[(52, 37)]",DOUBLE,"[(8, 62)(52, 37)]"
1237663784209351510,SINGLE,"[(43, 15)]",NO_PEAK,"[]",SINGLE,"[(50, 50)]",NO_PEAK,"[]",DOUBLE,"[(50, 51)(53, 43)]"
1237663784209351514,NO_PEAK,"[]",NO_PEAK,"[]",SINGLE,"[(57, 15)]",SINGLE,"[(50, 50)]",DOUBLE,"[(58, 15)(53, 49)]"
1237663784209351563,SINGLE,"[(41, 78)]",NO_PEAK,"[]",SINGLE,"[(50, 50)]",NO_PEAK,"[]",NO_PEAK,"[]"
1237663784209351579,NO_PEAK,"[]",NO_PEAK,"[]",SINGLE,"[(82, 13)]",NO_PEAK,"[]",NO_PEAK,"[]"
1237663784209351581,NO_PEAK,"[]",NO_PEAK,"[]",NO_PEAK,"[]",SINGLE,"[(3, 37)]",DOUBLE,"[(80, 10)(49, 49)]"
1237663784208171785,NO_PEAK,"[]",NO_PEAK,"[]",DOUBLE,"[(99, 96)(99, 92)]",NO_PEAK,"[]",NO_PEAK,"[]"
1237663784208171838,NO_PEAK,"[]",SINGLE,"[(1, 6)]",SINGLE,"[(2, 7)]",SINGLE,"[(1, 6)]",DOUBLE,"[(2, 6)(65, 8)]"
1237663784208171844,NO_PEAK,"[]",NO_PEAK,"[]",NO_PEAK,"[]",SINGLE,"[(15, 25)]",DOUBLE,"[(64, 65)(76, 64)]"
1237663784208171916,NO_PEAK,"[]",NO_PEAK,"[]",NO_PEAK,"[]",NO_PEAK,"[]",DOUBLE,"[(14, 40)(60, 48)]"
1237663784208171932,NO_PEAK,"[]",NO_PEAK,"[]",NO_PEAK,"[]",NO_PEAK,"[]",DOUBLE,"[(83, 14)(65, 48)]"
1237663784209416692,NO_PEAK,"[]",SINGLE,"[(49, 50)]",SINGLE,"[(50, 50)]",NO_PEAK,"[]",DOUBLE,"[(51, 50)(68, 42)]"
1237663784209416716,NO_PEAK,"[]",NO_PEAK,"[]",NO_PEAK,"[]",NO_PEAK,"[]",DOUBLE,"[(19, 24)(93, 22)]"
1237663784209416791,NO_PEAK,"[]",NO_PEAK,"[]",NO_PEAK,"[]",NO_PEAK,"[]",DOUBLE,"[(68, 10)(99, 8)]"
1237663784209416793,NO_PEAK,"[]",NO_PEAK,"[]",NO_PEAK,"[]",NO_PEAK,"[]",DOUBLE,"[(16, 59)(52, 52)]"
1237663784209417100,SINGLE,"[(64, 27)]",NO_PEAK,"[]",SINGLE,"[(51, 50)]",NO_PEAK,"[]",DOUBLE,"[(53, 89)(6, 57)]"
1237663784209417177,NO_PEAK,"[]",NO_PEAK,"[]",NO_PEAK,"[]",SINGLE,"[(61, 12)]",DOUBLE,"[(3, 69)(60, 13)]"
1237663784209417322,SINGLE,"[(81, 89)]",NO_PEAK,"[]",NO_PEAK,"[]",SINGLE,"[(1, 28)]",DOUBLE,"[(63, 14)(1, 28)]"
1237663784209417398,NO_PEAK,"[]",NO_PEAK,"[]",NO_PEAK,"[]",NO_PEAK,"[]",DOUBLE,"[(51, 50)(22, 76)]"
1237663784209417412,NO_PEAK,"[]",NO_PEAK,"[]",NO_PEAK,"[]",NO_PEAK,"[]",DOUBLE,"[(91, 12)(17, 99)]"
1237663784209417419,SINGLE,"[(47, 46)]",NO_PEAK,"[]",NO_PEAK,"[]",NO_PEAK,"[]",DOUBLE,"[(17, 82)(50, 49)]"
1237663784209417421,NO_PEAK,"[]",NO_PEAK,"[]",NO_PEAK,"[]",SINGLE,"[(9, 46)]",DOUBLE,"[(9, 46)(93, 91)]"
1237663784209417493,NO_PEAK,"[]",NO_PEAK,"[]",NO_PEAK,"[]",NO_PEAK,"[]",DOUBLE,"[(42, 21)(9, 18)]"
1237663784209482092,NO_PEAK,"[]",NO_PEAK,"[]",NO_PEAK,"[]",NO_PEAK,"[]",DOUBLE,"[(67, 60)(31, 71)]"
1237663784209482105,NO_PEAK,"[]",NO_PEAK,"[]",NO_PEAK,"[]",NO_PEAK,"[]",DOUBLE,"[(99, 76)(30, 61)]"
1237663784209482176,NO_PEAK,"[]",NO_PEAK,"[]",SINGLE,"[(18, 48)]",SINGLE,"[(18, 49)]",DOUBLE,"[(55, 72)(50, 50)]"
1237663784208237512,NO_PEAK,"[]",NO_PEAK,"[]",NO_PEAK,"[]",NO_PEAK,"[]",DOUBLE,"[(86, 79)(68, 91)]"
1237663784208302097,NO_PEAK,"[]",NO_PEAK,"[]",NO_PEAK,"[]",SINGLE,"[(51, 26)]",NO_PEAK,"[]"
1237663784209482216,NO_PEAK,"[]",NO_PEAK,"[]",NO_PEAK,"[]",NO_PEAK,"[]",DOUBLE,"[(46, 88)(66, 11)]"
1237663784209482232,NO_PEAK,"[]",NO_PEAK,"[]",NO_PEAK,"[]",SINGLE,"[(9, 24)]",NO_PEAK,"[]"
1237663784209482260,NO_PEAK,"[]",NO_PEAK,"[]",SINGLE,"[(9, 28)]",SINGLE,"[(10, 29)]",NO_PEAK,"[]"
1237663784208302118,NO_PEAK,"[]",NO_PEAK,"[]",NO_PEAK,"[]",NO_PEAK,"[]",NO_PEAK,"[]"
1237663784208302169,NO_PEAK,"[]",NO_PEAK,"[]",NO_PEAK,"[]",NO_PEAK,"[]",NO_PEAK,"[]"
1237663784208302312,NO_PEAK,"[]",SINGLE,"[(50, 50)]",SINGLE,"[(50, 50)]",SINGLE,"[(50, 51)]",DOUBLE,"[(50, 50)(92, 33)]"
1237663784209482278,NO_PEAK,"[]",NO_PEAK,"[]",NO_PEAK,"[]",NO_PEAK,"[]",DOUBLE,"[(51, 10)(3, 26)]"
1237663784209482323,SINGLE,"[(22, 20)]",NO_PEAK,"[]",NO_PEAK,"[]",NO_PEAK,"[]",NO_PEAK,"[]"
1237663784209482516,SINGLE,"[(81, 21)]",NO_PEAK,"[]",NO_PEAK,"[]",NO_PEAK,"[]",DOUBLE,"[(61, 53)(49, 36)]"
1237663784209482567,NO_PEAK,"[]",NO_PEAK,"[]",SINGLE,"[(50, 50)]",SINGLE,"[(37, 16)]",DOUBLE,"[(86, 10)(46, 24)]"
1237663784209482599,NO_PEAK,"[]",NO_PEAK,"[]",SINGLE,"[(50, 50)]",SINGLE,"[(40, 23)]",DOUBLE,"[(50, 50)(52, 56)]"
1237663784209482617,NO_PEAK,"[]",NO_PEAK,"[]",NO_PEAK,"[]",NO_PEAK,"[]",DOUBLE,"[(61, 26)(83, 63)]"
1237663784209482620,NO_PEAK,"[]",NO_PEAK,"[]",NO_PEAK,"[]",SINGLE,"[(1, 41)]",DOUBLE,"[(1, 41)(68, 92)]"
1237663784209482621,NO_PEAK,"[]",NO_PEAK,"[]",NO_PEAK,"[]",SINGLE,"[(27, 6)]",DOUBLE,"[(68, 89)(82, 19)]"
1237663784209482730,SINGLE,"[(45, 5)]",NO_PEAK,"[]",NO_PEAK,"[]",NO_PEAK,"[]",DOUBLE,"[(98, 93)(44, 91)]"
1237663784209482743,NO_PEAK,"[]",NO_PEAK,"[]",NO_PEAK,"[]",NO_PEAK,"[]",DOUBLE,"[(61, 76)(29, 87)]"
1237663784209482782,NO_PEAK,"[]",NO_PEAK,"[]",NO_PEAK,"[]",SINGLE,"[(8, 47)]",DOUBLE,"[(79, 41)(10, 45)]"
1237663784209482784,NO_PEAK,"[]",NO_PEAK,"[]",SINGLE,"[(50, 50)]",NO_PEAK,"[]",DOUBLE,"[(50, 50)(1, 5)]"
1237663784209482811,NO_PEAK,"[]",NO_PEAK,"[]",NO_PEAK,"[]",NO_PEAK,"[]",NO_PEAK,"[]"
1237663784209482914,NO_PEAK,"[]",NO_PEAK,"[]",NO_PEAK,"[]",NO_PEAK,"[]",DOUBLE,"[(83, 81)(72, 85)]"
1237663784209482916,NO_PEAK,"[]",NO_PEAK,"[]",NO_PEAK,"[]",NO_PEAK,"[]",DOUBLE,"[(18, 88)(23, 83)]"
1237663784209482929,NO_PEAK,"[]",NO_PEAK,"[]",NO_PEAK,"[]",NO_PEAK,"[]",DOUBLE,"[(19, 27)(86, 91)]"
1237663784209547300,NO_PEAK,"[]",SINGLE,"[(40, 62)]",SINGLE,"[(41, 62)]",NO_PEAK,"[]",NO_PEAK,"[]"
1237663784209547559,SINGLE,"[(79, 99)]",NO_PEAK,"[]",NO_PEAK,"[]",NO_PEAK,"[]",DOUBLE,"[(50, 50)(53, 3)]"
1237663784209547561,NO_PEAK,"[]",SINGLE,"[(50, 50)]",SINGLE,"[(50, 50)]",SINGLE,"[(50, 50)]",DOUBLE,"[(51, 50)(81, 71)]"
1237663784209547782,NO_PEAK,"[]",NO_PEAK,"[]",SINGLE,"[(50, 50)]",SINGLE,"[(50, 50)]",DOUBLE,"[(49, 50)(87, 94)]"
1237663784209547794,NO_PEAK,"[]",NO_PEAK,"[]",NO_PEAK,"[]",SINGLE,"[(49, 49)]",DOUBLE,"[(71, 85)(1, 82)]"
1237663784209547823,NO_PEAK,"[]",NO_PEAK,"[]",SINGLE,"[(26, 6)]",SINGLE,"[(26, 5)]",DOUBLE,"[(26, 6)(50, 51)]"
1237663784209547832,SINGLE,"[(29, 33)]",NO_PEAK,"[]",SINGLE,"[(30, 14)]",NO_PEAK,"[]",DOUBLE,"[(62, 83)(21, 93)]"
1237663784208433810,NO_PEAK,"[]",NO_PEAK,"[]",SINGLE,"[(50, 50)]",NO_PEAK,"[]",DOUBLE,"[(99, 27)(28, 74)]"
1237663784208433877,NO_PEAK,"[]",NO_PEAK,"[]",NO_PEAK,"[]",NO_PEAK,"[]",DOUBLE,"[(77, 26)(26, 31)]"
1237663784208433899,NO_PEAK,"[]",NO_PEAK,"[]",SINGLE,"[(50, 50)]",SINGLE,"[(50, 50)]",DOUBLE,"[(24, 77)(31, 99)]"
1237663784208433907,SINGLE,"[(27, 17)]",NO_PEAK,"[]",NO_PEAK,"[]",NO_PEAK,"[]",DOUBLE,"[(66, 92)(25, 49)]"
1237663784209547995,NO_PEAK,"[]",NO_PEAK,"[]",NO_PEAK,"[]",NO_PEAK,"[]",DOUBLE,"[(4, 1)(91, 60)]"
1237663784209548204,NO_PEAK,"[]",NO_PEAK,"[]",NO_PEAK,"[]",NO_PEAK,"[]",DOUBLE,"[(28, 50)(49, 50)]"
1237663784209548208,NO_PEAK,"[]",NO_PEAK,"[]",NO_PEAK,"[]",NO_PEAK,"[]",DOUBLE,"[(65, 12)(65, 30)]"
1237663784208433919,SINGLE,"[(7, 82)]",NO_PEAK,"[]",NO_PEAK,"[]",NO_PEAK,"[]",DOUBLE,"[(84, 25)(51, 50)]"
1237663784208433922,NO_PEAK,"[]",NO_PEAK,"[]",SINGLE,"[(25, 26)]",SINGLE,"[(24, 26)]",DOUBLE,"[(24, 26)(58, 72)]"
1237663784208434046,SINGLE,"[(94, 97)]",NO_PEAK,"[]",NO_PEAK,"[]",NO_PEAK,"[]",DOUBLE,"[(49, 48)(47, 3)]"
1237663784208434105,NO_PEAK,"[]",NO_PEAK,"[]",NO_PEAK,"[]",SINGLE,"[(49, 2)]",DOUBLE,"[(48, 3)(8, 6)]"
1237663784208434160,NO_PEAK,"[]",NO_PEAK,"[]",NO_PEAK,"[]",SINGLE,"[(81, 66)]",DOUBLE,"[(80, 67)(4, 28)]"
1237663784208434233,NO_PEAK,"[]",NO_PEAK,"[]",NO_PEAK,"[]",NO_PEAK,"[]",DOUBLE,"[(4, 42)(39, 7)]"
1237663784209548256,NO_PEAK,"[]",NO_PEAK,"[]",NO_PEAK,"[]",NO_PEAK,"[]",DOUBLE,"[(10, 99)(23, 86)]"
1237663784209548368,NO_PEAK,"[]",NO_PEAK,"[]",NO_PEAK,"[]",NO_PEAK,"[]",DOUBLE,"[(79, 76)(78, 53)]"
1237663784209548436,NO_PEAK,"[]",NO_PEAK,"[]",NO_PEAK,"[]",NO_PEAK,"[]",DOUBLE,"[(7, 53)(20, 76)]"
1237663784209548470,NO_PEAK,"[]",NO_PEAK,"[]",NO_PEAK,"[]",NO_PEAK,"[]",DOUBLE,"[(65, 80)(77, 4)]"
1237663784209548493,NO_PEAK,"[]",NO_PEAK,"[]",SINGLE,"[(32, 5)]",SINGLE,"[(19, 47)]",DOUBLE,"[(62, 81)(21, 99)]"
1237663784209613313,NO_PEAK,"[]",NO_PEAK,"[]",NO_PEAK,"[]",NO_PEAK,"[]",NO_PEAK,"[]"
1237663784209613359,SINGLE,"[(35, 62)]",NO_PEAK,"[]",SINGLE,"[(49, 50)]",SINGLE,"[(50, 50)]",DOUBLE,"[(51, 50)(11, 70)]"
1237663784209613376,NO_PEAK,"[]",NO_PEAK,"[]",NO_PEAK,"[]",NO_PEAK,"[]",DOUBLE,"[(76, 45)(22, 17)]"
1237663784209613392,NO_PEAK,"[]",SINGLE,"[(51, 50)]",SINGLE,"[(2, 39)]",SINGLE,"[(1, 39)]",DOUBLE,"[(55, 83)(92, 50)]"
1237663784209613559,SINGLE,"[(29, 15)]",NO_PEAK,"[]",SINGLE,"[(3, 41)]",NO_PEAK,"[]",DOUBLE,"[(50, 52)(1, 43)]"
1237663784208499655,NO_PEAK,"[]",NO_PEAK,"[]",NO_PEAK,"[]",SINGLE,"[(52, 34)]",DOUBLE,"[(64, 25)(38, 18)]"
1237663784208499819,NO_PEAK,"[]",NO_PEAK,"[]",NO_PEAK,"[]",NO_PEAK,"[]",DOUBLE,"[(50, 50)(3, 79)]"
1237663784209613604,NO_PEAK,"[]",SINGLE,"[(50, 50)]",SINGLE,"[(50, 50)]",NO_PEAK,"[]",DOUBLE,"[(50, 72)(51, 50)]"
1237663784209613688,SINGLE,"[(60, 56)]",NO_PEAK,"[]",NO_PEAK,"[]",NO_PEAK,"[]",DOUBLE,"[(16, 91)(73, 13)]"
1237663784209613815,NO_PEAK,"[]",NO_PEAK,"[]",NO_PEAK,"[]",SINGLE,"[(12, 19)]",NO_PEAK,"[]"
1237663784209613833,SINGLE,"[(41, 25)]",NO_PEAK,"[]",NO_PEAK,"[]",SINGLE,"[(50, 51)]",DOUBLE,"[(50, 50)(62, 83)]"
1237663784209613839,NO_PEAK,"[]",NO_PEAK,"[]",NO_PEAK,"[]",NO_PEAK,"[]",DOUBLE,"[(29, 43)(8, 47)]"
1237663784209613971,NO_PEAK,"[]",NO_PEAK,"[]",NO_PEAK,"[]",SINGLE,"[(6, 46)]",DOUBLE,"[(76, 14)(50, 51)]"
1237663784209613972,NO_PEAK,"[]",NO_PEAK,"[]",NO_PEAK,"[]",SINGLE,"[(23, 1)]",NO_PEAK,"[]"
1237663784209614022,SINGLE,"[(26, 21)]",NO_PEAK,"[]",NO_PEAK,"[]",SINGLE,"[(23, 19)]",DOUBLE,"[(8, 5)(83, 37)]"
1237663784209614097,NO_PEAK,"[]",NO_PEAK,"[]",NO_PEAK,"[]",NO_PEAK,"[]",DOUBLE,"[(80, 47)(90, 38)]"
1237663784209678430,NO_PEAK,"[]",SINGLE,"[(50, 50)]",SINGLE,"[(50, 50)]",SINGLE,"[(50, 50)]",NO_PEAK,"[]"
1237663784209678528,NO_PEAK,"[]",SINGLE,"[(38, 56)]",SINGLE,"[(50, 50)]",SINGLE,"[(38, 55)]",DOUBLE,"[(38, 56)(76, 35)]"
1237663784209678545,NO_PEAK,"[]",NO_PEAK,"[]",SINGLE,"[(50, 50)]",SINGLE,"[(50, 50)]",NO_PEAK,"[]"
1237663784208564924,NO_PEAK,"[]",NO_PEAK,"[]",NO_PEAK,"[]",SINGLE,"[(26, 1)]",DOUBLE,"[(94, 40)(27, 1)]"
1237663784208564961,SINGLE,"[(11, 76)]",NO_PEAK,"[]",SINGLE,"[(14, 80)]",NO_PEAK,"[]",DOUBLE,"[(14, 79)(3, 5)]"
1237663784209678887,SINGLE,"[(94, 48)]",NO_PEAK,"[]",NO_PEAK,"[]",SINGLE,"[(44, 26)]",DOUBLE,"[(49, 50)(44, 26)]"
1237663784209678993,NO_PEAK,"[]",NO_PEAK,"[]",NO_PEAK,"[]",SINGLE,"[(11, 62)]",DOUBLE,"[(59, 62)(50, 50)]"
1237663784209679011,NO_PEAK,"[]",NO_PEAK,"[]",SINGLE,"[(51, 51)]",NO_PEAK,"[]",DOUBLE,"[(86, 12)(31, 37)]"
1237663784209679024,SINGLE,"[(26, 31)]",NO_PEAK,"[]",SINGLE,"[(50, 50)]",SINGLE,"[(50, 50)]",DOUBLE,"[(50, 49)(23, 78)]"
1237663784209679039,NO_PEAK,"[]",NO_PEAK,"[]",SINGLE,"[(50, 50)]",SINGLE,"[(50, 50)]",DOUBLE,"[(50, 50)(47, 40)]"
1237663784209679146,NO_PEAK,"[]",NO_PEAK,"[]",NO_PEAK,"[]",NO_PEAK,"[]",DOUBLE,"[(34, 38)(60, 98)]"
1237663784209679168,NO_PEAK,"[]",NO_PEAK,"[]",SINGLE,"[(50, 50)]",SINGLE,"[(51, 50)]",DOUBLE,"[(22, 73)(88, 55)]"
1237663784209679221,NO_PEAK,"[]",NO_PEAK,"[]",NO_PEAK,"[]",SINGLE,"[(16, 37)]",DOUBLE,"[(82, 76)(50, 51)]"
1237663784209679222,NO_PEAK,"[]",NO_PEAK,"[]",NO_PEAK,"[]",NO_PEAK,"[]",DOUBLE,"[(21, 40)(56, 53)]"
1237663784209679242,SINGLE,"[(53, 32)]",NO_PEAK,"[]",NO_PEAK,"[]",SINGLE,"[(38, 15)]",DOUBLE,"[(6, 45)(7, 63)]"
1237663784209679285,NO_PEAK,"[]",NO_PEAK,"[]",NO_PEAK,"[]",SINGLE,"[(1, 43)]",DOUBLE,"[(50, 50)(1, 43)]"
1237663784209679290,NO_PEAK,"[]",NO_PEAK,"[]",DOUBLE,"[(1, 62)(6, 59)]",DOUBLE,"[(6, 59)(1, 63)]",NO_PEAK,"[]"
1237663784209679375,NO_PEAK,"[]",NO_PEAK,"[]",NO_PEAK,"[]",NO_PEAK,"[]",DOUBLE,"[(81, 80)(63, 99)]"
1237663784209679448,NO_PEAK,"[]",NO_PEAK,"[]",NO_PEAK,"[]",NO_PEAK,"[]",DOUBLE,"[(91, 25)(23, 60)]"
1237663784209679451,NO_PEAK,"[]",NO_PEAK,"[]",NO_PEAK,"[]",NO_PEAK,"[]",DOUBLE,"[(74, 37)(10, 55)]"
1237663784209679467,NO_PEAK,"[]",NO_PEAK,"[]",NO_PEAK,"[]",NO_PEAK,"[]",DOUBLE,"[(49, 50)(35, 85)]"
1237663784209679504,NO_PEAK,"[]",NO_PEAK,"[]",NO_PEAK,"[]",NO_PEAK,"[]",DOUBLE,"[(14, 28)(6, 86)]"
1237663784209679515,SINGLE,"[(23, 24)]",NO_PEAK,"[]",NO_PEAK,"[]",NO_PEAK,"[]",DOUBLE,"[(21, 89)(49, 50)]"
1237663784209679529,SINGLE,"[(55, 60)]",NO_PEAK,"[]",SINGLE,"[(50, 50)]",NO_PEAK,"[]",DOUBLE,"[(4, 81)(29, 67)]"
1237663784209679594,SINGLE,"[(30, 46)]",NO_PEAK,"[]",NO_PEAK,"[]",NO_PEAK,"[]",DOUBLE,"[(37, 72)(22, 76)]"
1237663784209679616,NO_PEAK,"[]",NO_PEAK,"[]",NO_PEAK,"[]",SINGLE,"[(7, 22)]",DOUBLE,"[(33, 41)(5, 56)]"
1237663784209679712,NO_PEAK,"[]",NO_PEAK,"[]",NO_PEAK,"[]",SINGLE,"[(23, 47)]",DOUBLE,"[(23, 48)(79, 1)]"
1237663784209743925,NO_PEAK,"[]",NO_PEAK,"[]",NO_PEAK,"[]",NO_PEAK,"[]",SINGLE,"[(13, 12)]"
1237663784209743979,SINGLE,"[(18, 19)]",NO_PEAK,"[]",NO_PEAK,"[]",NO_PEAK,"[]",NO_PEAK,"[]"
1237663784209743980,SINGLE,"[(90, 41)]",NO_PEAK,"[]",NO_PEAK,"[]",SINGLE,"[(50, 50)]",NO_PEAK,"[]"
1237663784209744070,NO_PEAK,"[]",NO_PEAK,"[]",SINGLE,"[(37, 78)]",NO_PEAK,"[]",DOUBLE,"[(37, 79)(30, 67)]"
1237663784208630952,NO_PEAK,"[]",NO_PEAK,"[]",NO_PEAK,"[]",NO_PEAK,"[]",DOUBLE,"[(22, 89)(40, 94)]"
1237663784209744383,NO_PEAK,"[]",NO_PEAK,"[]",NO_PEAK,"[]",SINGLE,"[(40, 17)]",DOUBLE,"[(43, 41)(39, 18)]"
1237663784208630966,NO_PEAK,"[]",NO_PEAK,"[]",NO_PEAK,"[]",NO_PEAK,"[]",DOUBLE,"[(63, 58)(5, 55)]"
1237663784208695629,NO_PEAK,"[]",NO_PEAK,"[]",SINGLE,"[(50, 50)]",NO_PEAK,"[]",DOUBLE,"[(90, 95)(50, 50)]"
1237663784208695641,NO_PEAK,"[]",NO_PEAK,"[]",NO_PEAK,"[]",NO_PEAK,"[]",DOUBLE,"[(58, 23)(92, 41)]"
1237663784208695780,NO_PEAK,"[]",NO_PEAK,"[]",NO_PEAK,"[]",NO_PEAK,"[]",DOUBLE,"[(38, 11)(48, 93)]"
1237663784209744387,SINGLE,"[(56, 7)]",NO_PEAK,"[]",NO_PEAK,"[]",NO_PEAK,"[]",DOUBLE,"[(55, 58)(86, 42)]"
1237663784209744462,NO_PEAK,"[]",NO_PEAK,"[]",SINGLE,"[(50, 50)]",NO_PEAK,"[]",DOUBLE,"[(2, 10)(24, 70)]"
1237663784209744610,NO_PEAK,"[]",NO_PEAK,"[]",NO_PEAK,"[]",NO_PEAK,"[]",DOUBLE,"[(44, 52)(55, 25)]"
1237663784209744660,SINGLE,"[(38, 22)]",NO_PEAK,"[]",SINGLE,"[(25, 32)]",SINGLE,"[(26, 32)]",DOUBLE,"[(50, 50)(38, 54)]"
1237663784209744808,NO_PEAK,"[]",NO_PEAK,"[]",NO_PEAK,"[]",NO_PEAK,"[]",DOUBLE,"[(49, 51)(99, 84)]"
1237663784209744879,NO_PEAK,"[]",NO_PEAK,"[]",NO_PEAK,"[]",SINGLE,"[(28, 26)]",NO_PEAK,"[]"
1237663784209744896,SINGLE,"[(31, 12)]",NO_PEAK,"[]",NO_PEAK,"[]",NO_PEAK,"[]",DOUBLE,"[(34, 6)(63, 68)]"
1237663784209744931,SINGLE,"[(22, 31)]",NO_PEAK,"[]",SINGLE,"[(26, 20)]",SINGLE,"[(27, 20)]",DOUBLE,"[(50, 49)(27, 20)]"
