objid,u-type,u-peaks,g-type,g-peaks,r-type,r-peaks,i-type,i-peaks
1237660612898259156,SINGLE,"[(50, 42)]",SINGLE,"[(50, 50)]",NO_PEAK,"[]",NO_PEAK,"[]"
1237658491199553714,NO_PEAK,"[]",SINGLE,"[(50, 50)]",SINGLE,"[(50, 50)]",SINGLE,"[(50, 50)]"
1237660612898259043,NO_PEAK,"[]",SINGLE,"[(50, 50)]",SINGLE,"[(50, 50)]",SINGLE,"[(50, 50)]"
1237660612898324582,NO_PEAK,"[]",SINGLE,"[(50, 49)]",SINGLE,"[(50, 50)]",SINGLE,"[(50, 50)]"
1237660612898259076,NO_PEAK,"[]",NO_PEAK,"[]",SINGLE,"[(50, 50)]",NO_PEAK,"[]"
1237660612898390082,NO_PEAK,"[]",SINGLE,"[(50, 50)]",SINGLE,"[(51, 50)]",NO_PEAK,"[]"
1237658491736424639,NO_PEAK,"[]",SINGLE,"[(51, 51)]",SINGLE,"[(50, 50)]",SINGLE,"[(50, 50)]"
1237660612898259021,NO_PEAK,"[]",SINGLE,"[(51, 50)]",SINGLE,"[(50, 50)]",SINGLE,"[(50, 50)]"
1237658491736424606,NO_PEAK,"[]",SINGLE,"[(50, 50)]",SINGLE,"[(50, 50)]",SINGLE,"[(50, 50)]"
1237660612898259087,NO_PEAK,"[]",SINGLE,"[(50, 49)]",SINGLE,"[(50, 50)]",SINGLE,"[(50, 50)]"
1237660612898324567,NO_PEAK,"[]",SINGLE,"[(50, 50)]",SINGLE,"[(51, 50)]",DOUBLE,"[(50, 50)(68, 52)]"
1237660612898193465,NO_PEAK,"[]",SINGLE,"[(50, 50)]",SINGLE,"[(50, 50)]",NO_PEAK,"[]"
1237660613435326719,NO_PEAK,"[]",NO_PEAK,"[]",SINGLE,"[(20, 43)]",NO_PEAK,"[]"
1237660613435064507,NO_PEAK,"[]",NO_PEAK,"[]",SINGLE,"[(50, 50)]",NO_PEAK,"[]"
1237660613435392090,NO_PEAK,"[]",SINGLE,"[(50, 50)]",SINGLE,"[(50, 50)]",SINGLE,"[(50, 50)]"
1237658492273295433,SINGLE,"[(50, 50)]",SINGLE,"[(50, 50)]",SINGLE,"[(50, 50)]",SINGLE,"[(50, 50)]"
1237660613435326577,NO_PEAK,"[]",SINGLE,"[(50, 50)]",SINGLE,"[(50, 50)]",SINGLE,"[(50, 50)]"
1237660613435326569,NO_PEAK,"[]",SINGLE,"[(50, 50)]",SINGLE,"[(50, 50)]",SINGLE,"[(50, 50)]"
1237660613435326619,NO_PEAK,"[]",SINGLE,"[(50, 50)]",SINGLE,"[(50, 49)]",SINGLE,"[(50, 50)]"
1237660613972197457,NO_PEAK,"[]",NO_PEAK,"[]",NO_PEAK,"[]",NO_PEAK,"[]"
1237658492273426521,NO_PEAK,"[]",SINGLE,"[(51, 50)]",SINGLE,"[(50, 50)]",SINGLE,"[(50, 50)]"
1237660613971935306,NO_PEAK,"[]",SINGLE,"[(50, 49)]",SINGLE,"[(50, 50)]",SINGLE,"[(50, 50)]"
1237660613435195454,NO_PEAK,"[]",SINGLE,"[(50, 50)]",SINGLE,"[(50, 50)]",SINGLE,"[(50, 50)]"
1237660613972131989,NO_PEAK,"[]",SINGLE,"[(35, 35)]",SINGLE,"[(34, 35)]",SINGLE,"[(34, 35)]"
1237660613435326690,NO_PEAK,"[]",SINGLE,"[(50, 50)]",SINGLE,"[(50, 50)]",NO_PEAK,"[]"
1237660613435195479,NO_PEAK,"[]",SINGLE,"[(50, 50)]",SINGLE,"[(50, 50)]",SINGLE,"[(50, 50)]"
1237660613435064429,NO_PEAK,"[]",SINGLE,"[(50, 50)]",SINGLE,"[(50, 50)]",SINGLE,"[(50, 50)]"
1237660612898128049,NO_PEAK,"[]",NO_PEAK,"[]",SINGLE,"[(24, 5)]",NO_PEAK,"[]"
1237658491736293529,SINGLE,"[(84, 16)]",SINGLE,"[(50, 49)]",SINGLE,"[(50, 50)]",NO_PEAK,"[]"
1237671930136035438,NO_PEAK,"[]",SINGLE,"[(50, 50)]",SINGLE,"[(50, 50)]",SINGLE,"[(50, 51)]"
1237671930136035444,NO_PEAK,"[]",NO_PEAK,"[]",NO_PEAK,"[]",NO_PEAK,"[]"
1237660612898193463,NO_PEAK,"[]",SINGLE,"[(50, 49)]",SINGLE,"[(50, 50)]",SINGLE,"[(51, 50)]"
1237671930136035553,SINGLE,"[(32, 42)]",SINGLE,"[(50, 50)]",SINGLE,"[(50, 50)]",SINGLE,"[(50, 50)]"
1237660612898128003,NO_PEAK,"[]",SINGLE,"[(50, 50)]",SINGLE,"[(50, 50)]",SINGLE,"[(50, 50)]"
1237660612898193437,NO_PEAK,"[]",NO_PEAK,"[]",NO_PEAK,"[]",NO_PEAK,"[]"
1237671930136035556,NO_PEAK,"[]",NO_PEAK,"[]",DOUBLE,"[(50, 50)(52, 60)]",DOUBLE,"[(50, 50)(53, 60)]"
1237658491736359092,SINGLE,"[(31, 36)]",SINGLE,"[(31, 36)]",SINGLE,"[(31, 36)]",SINGLE,"[(31, 36)]"
1237658491736359125,SINGLE,"[(50, 50)]",SINGLE,"[(7, 1)]",SINGLE,"[(7, 1)]",SINGLE,"[(8, 1)]"
1237658425167052887,NO_PEAK,"[]",SINGLE,"[(47, 17)]",SINGLE,"[(48, 17)]",SINGLE,"[(48, 17)]"
1237671930136035391,SINGLE,"[(50, 50)]",SINGLE,"[(50, 50)]",SINGLE,"[(1, 35)]",SINGLE,"[(1, 35)]"
1237660612898193445,NO_PEAK,"[]",SINGLE,"[(50, 50)]",SINGLE,"[(50, 50)]",SINGLE,"[(49, 51)]"
1237658491736359145,SINGLE,"[(51, 49)]",SINGLE,"[(50, 49)]",NO_PEAK,"[]",SINGLE,"[(24, 27)]"
1237658491736293574,NO_PEAK,"[]",SINGLE,"[(50, 50)]",SINGLE,"[(51, 50)]",SINGLE,"[(50, 50)]"
1237658492273229921,NO_PEAK,"[]",SINGLE,"[(50, 50)]",SINGLE,"[(50, 50)]",SINGLE,"[(50, 50)]"
1237660613435064487,NO_PEAK,"[]",SINGLE,"[(50, 49)]",SINGLE,"[(50, 49)]",NO_PEAK,"[]"
1237660613434998982,NO_PEAK,"[]",NO_PEAK,"[]",SINGLE,"[(50, 50)]",SINGLE,"[(50, 50)]"
1237660613435064400,NO_PEAK,"[]",SINGLE,"[(50, 50)]",SINGLE,"[(49, 50)]",SINGLE,"[(50, 50)]"
1237660613434998864,NO_PEAK,"[]",NO_PEAK,"[]",SINGLE,"[(50, 50)]",SINGLE,"[(50, 50)]"
1237658492273229924,NO_PEAK,"[]",SINGLE,"[(50, 50)]",SINGLE,"[(50, 50)]",NO_PEAK,"[]"
1237660613434998977,NO_PEAK,"[]",SINGLE,"[(50, 50)]",NO_PEAK,"[]",NO_PEAK,"[]"
1237660613434998818,NO_PEAK,"[]",SINGLE,"[(50, 50)]",SINGLE,"[(50, 50)]",NO_PEAK,"[]"
1237658492273229939,NO_PEAK,"[]",SINGLE,"[(50, 50)]",SINGLE,"[(50, 50)]",SINGLE,"[(50, 50)]"
1237658492273229953,SINGLE,"[(50, 51)]",SINGLE,"[(50, 50)]",SINGLE,"[(50, 50)]",SINGLE,"[(50, 50)]"
1237660613971869807,NO_PEAK,"[]",SINGLE,"[(50, 50)]",SINGLE,"[(50, 50)]",NO_PEAK,"[]"
1237660613971869796,NO_PEAK,"[]",SINGLE,"[(50, 50)]",SINGLE,"[(50, 50)]",NO_PEAK,"[]"
1237658491736359138,NO_PEAK,"[]",SINGLE,"[(50, 50)]",NO_PEAK,"[]",SINGLE,"[(44, 25)]"
1237658492273229978,SINGLE,"[(19, 7)]",SINGLE,"[(19, 6)]",SINGLE,"[(19, 7)]",SINGLE,"[(19, 7)]"
1237660613971869793,SINGLE,"[(20, 23)]",SINGLE,"[(50, 50)]",SINGLE,"[(50, 50)]",SINGLE,"[(50, 50)]"
1237658491199357149,NO_PEAK,"[]",NO_PEAK,"[]",SINGLE,"[(50, 50)]",NO_PEAK,"[]"
1237658425166921809,NO_PEAK,"[]",SINGLE,"[(50, 50)]",SINGLE,"[(51, 50)]",NO_PEAK,"[]"
1237671930135970066,NO_PEAK,"[]",NO_PEAK,"[]",NO_PEAK,"[]",NO_PEAK,"[]"
1237671930135970097,NO_PEAK,"[]",SINGLE,"[(50, 50)]",SINGLE,"[(50, 50)]",SINGLE,"[(50, 50)]"
1237658491736228066,SINGLE,"[(50, 50)]",SINGLE,"[(50, 50)]",SINGLE,"[(50, 50)]",NO_PEAK,"[]"
1237658491736228075,NO_PEAK,"[]",SINGLE,"[(50, 50)]",SINGLE,"[(50, 50)]",SINGLE,"[(50, 50)]"
1237658425166921932,NO_PEAK,"[]",DOUBLE,"[(50, 50)(52, 55)]",DOUBLE,"[(49, 50)(51, 54)]",NO_PEAK,"[]"
1237671930135970133,NO_PEAK,"[]",SINGLE,"[(50, 50)]",SINGLE,"[(50, 50)]",SINGLE,"[(50, 50)]"
1237671930135969886,SINGLE,"[(50, 50)]",SINGLE,"[(50, 50)]",SINGLE,"[(50, 50)]",SINGLE,"[(50, 50)]"
1237671930136035517,NO_PEAK,"[]",SINGLE,"[(50, 50)]",SINGLE,"[(50, 50)]",SINGLE,"[(50, 50)]"
1237671930135970073,SINGLE,"[(24, 32)]",DOUBLE,"[(50, 50)(49, 38)]",DOUBLE,"[(50, 50)(49, 62)]",DOUBLE,"[(50, 50)(49, 61)]"
1237658491736227922,NO_PEAK,"[]",SINGLE,"[(50, 50)]",NO_PEAK,"[]",DOUBLE,"[(3, 2)(1, 39)]"
1237671930135970069,NO_PEAK,"[]",SINGLE,"[(50, 49)]",SINGLE,"[(50, 50)]",DOUBLE,"[(50, 50)(46, 36)]"
1237671930135970153,NO_PEAK,"[]",SINGLE,"[(50, 49)]",SINGLE,"[(50, 50)]",SINGLE,"[(50, 49)]"
1237671930135970148,NO_PEAK,"[]",SINGLE,"[(50, 50)]",SINGLE,"[(50, 50)]",NO_PEAK,"[]"
1237658491736293646,SINGLE,"[(83, 81)]",NO_PEAK,"[]",SINGLE,"[(50, 50)]",NO_PEAK,"[]"
1237671930672840918,SINGLE,"[(50, 50)]",SINGLE,"[(50, 50)]",SINGLE,"[(50, 50)]",SINGLE,"[(50, 50)]"
1237671930672840924,NO_PEAK,"[]",SINGLE,"[(50, 50)]",SINGLE,"[(50, 50)]",SINGLE,"[(50, 50)]"
1237658492273098841,NO_PEAK,"[]",SINGLE,"[(50, 50)]",NO_PEAK,"[]",NO_PEAK,"[]"
1237658491736228047,NO_PEAK,"[]",NO_PEAK,"[]",NO_PEAK,"[]",SINGLE,"[(37, 19)]"
1237671930672840877,NO_PEAK,"[]",SINGLE,"[(50, 50)]",NO_PEAK,"[]",SINGLE,"[(27, 8)]"
1237658492273164534,NO_PEAK,"[]",SINGLE,"[(50, 49)]",NO_PEAK,"[]",NO_PEAK,"[]"
1237658492273098777,SINGLE,"[(55, 90)]",SINGLE,"[(50, 50)]",SINGLE,"[(50, 50)]",SINGLE,"[(50, 50)]"
1237660613971869780,NO_PEAK,"[]",SINGLE,"[(50, 50)]",SINGLE,"[(50, 50)]",SINGLE,"[(50, 50)]"
1237658492273164325,SINGLE,"[(51, 50)]",SINGLE,"[(50, 50)]",SINGLE,"[(50, 50)]",SINGLE,"[(50, 50)]"
1237658492273164466,NO_PEAK,"[]",SINGLE,"[(50, 50)]",SINGLE,"[(50, 50)]",NO_PEAK,"[]"
1237671930672840762,NO_PEAK,"[]",SINGLE,"[(50, 50)]",SINGLE,"[(50, 50)]",SINGLE,"[(6, 6)]"
1237671931209711753,NO_PEAK,"[]",SINGLE,"[(50, 49)]",SINGLE,"[(50, 49)]",SINGLE,"[(50, 50)]"
1237658492273164502,SINGLE,"[(50, 50)]",SINGLE,"[(50, 50)]",SINGLE,"[(50, 50)]",SINGLE,"[(50, 50)]"
1237671930135838958,NO_PEAK,"[]",SINGLE,"[(48, 51)]",SINGLE,"[(51, 50)]",SINGLE,"[(50, 50)]"
1237671930135904413,NO_PEAK,"[]",SINGLE,"[(50, 50)]",SINGLE,"[(50, 50)]",SINGLE,"[(50, 50)]"
1237671930135904404,NO_PEAK,"[]",NO_PEAK,"[]",SINGLE,"[(55, 30)]",SINGLE,"[(55, 29)]"
1237658203429798111,DOUBLE,"[(46, 52)(56, 45)]",SINGLE,"[(49, 50)]",SINGLE,"[(50, 50)]",SINGLE,"[(50, 50)]"
1237658611977486390,NO_PEAK,"[]",SINGLE,"[(50, 50)]",SINGLE,"[(50, 50)]",SINGLE,"[(50, 50)]"
1237658611440549955,NO_PEAK,"[]",SINGLE,"[(49, 50)]",SINGLE,"[(51, 50)]",SINGLE,"[(50, 50)]"
1237658611440681143,NO_PEAK,"[]",SINGLE,"[(50, 50)]",SINGLE,"[(50, 50)]",NO_PEAK,"[]"
1237658611440550003,NO_PEAK,"[]",SINGLE,"[(50, 50)]",SINGLE,"[(50, 50)]",SINGLE,"[(50, 50)]"
1237658203429798158,DOUBLE,"[(49, 49)(41, 51)]",SINGLE,"[(50, 50)]",SINGLE,"[(50, 50)]",SINGLE,"[(49, 50)]"
1237658203429798131,NO_PEAK,"[]",SINGLE,"[(50, 50)]",SINGLE,"[(50, 50)]",DOUBLE,"[(50, 51)(62, 38)]"
1237658203429929659,NO_PEAK,"[]",NO_PEAK,"[]",SINGLE,"[(50, 50)]",NO_PEAK,"[]"
1237658203429929010,SINGLE,"[(50, 49)]",SINGLE,"[(50, 50)]",SINGLE,"[(50, 50)]",NO_PEAK,"[]"
1237658611440681039,NO_PEAK,"[]",SINGLE,"[(50, 49)]",SINGLE,"[(50, 50)]",SINGLE,"[(50, 50)]"
1237658203429863677,NO_PEAK,"[]",NO_PEAK,"[]",NO_PEAK,"[]",SINGLE,"[(13, 28)]"
1237658203429863546,NO_PEAK,"[]",SINGLE,"[(50, 50)]",NO_PEAK,"[]",SINGLE,"[(27, 31)]"
1237658203429732409,DOUBLE,"[(50, 50)(51, 57)]",DOUBLE,"[(50, 50)(51, 57)]",NO_PEAK,"[]",NO_PEAK,"[]"
1237658203429863661,NO_PEAK,"[]",SINGLE,"[(50, 50)]",SINGLE,"[(50, 50)]",SINGLE,"[(51, 50)]"
1237658203429929169,SINGLE,"[(50, 50)]",SINGLE,"[(50, 50)]",SINGLE,"[(50, 50)]",SINGLE,"[(50, 50)]"
1237658203429929098,SINGLE,"[(51, 52)]",SINGLE,"[(50, 50)]",SINGLE,"[(50, 50)]",SINGLE,"[(50, 50)]"
1237658611977617433,NO_PEAK,"[]",SINGLE,"[(50, 50)]",SINGLE,"[(51, 50)]",SINGLE,"[(50, 49)]"
1237658611977683171,SINGLE,"[(50, 49)]",SINGLE,"[(50, 50)]",SINGLE,"[(50, 50)]",SINGLE,"[(49, 50)]"
1237658611977617643,NO_PEAK,"[]",SINGLE,"[(49, 50)]",SINGLE,"[(50, 50)]",SINGLE,"[(50, 50)]"
1237658203966800169,NO_PEAK,"[]",SINGLE,"[(50, 50)]",SINGLE,"[(50, 50)]",SINGLE,"[(50, 50)]"
1237658611977683097,SINGLE,"[(60, 7)]",SINGLE,"[(61, 7)]",SINGLE,"[(61, 8)]",DOUBLE,"[(63, 55)(50, 50)]"
1237658612514619485,NO_PEAK,"[]",SINGLE,"[(50, 50)]",SINGLE,"[(50, 50)]",SINGLE,"[(50, 50)]"
1237658203966734611,NO_PEAK,"[]",SINGLE,"[(50, 50)]",SINGLE,"[(50, 50)]",NO_PEAK,"[]"
1237658203429929150,NO_PEAK,"[]",SINGLE,"[(50, 50)]",SINGLE,"[(50, 50)]",SINGLE,"[(50, 50)]"
1237658611977617627,SINGLE,"[(50, 49)]",SINGLE,"[(50, 50)]",SINGLE,"[(50, 50)]",SINGLE,"[(50, 50)]"
1237658611977683103,NO_PEAK,"[]",SINGLE,"[(50, 50)]",SINGLE,"[(50, 50)]",DOUBLE,"[(50, 50)(40, 51)]"
1237658611977683321,NO_PEAK,"[]",SINGLE,"[(51, 49)]",SINGLE,"[(50, 49)]",SINGLE,"[(50, 50)]"
1237658611977617621,NO_PEAK,"[]",SINGLE,"[(49, 50)]",SINGLE,"[(50, 50)]",SINGLE,"[(50, 50)]"
1237658611977683125,NO_PEAK,"[]",DOUBLE,"[(49, 50)(44, 60)]",DOUBLE,"[(50, 50)(45, 59)]",NO_PEAK,"[]"
1237658612514619419,NO_PEAK,"[]",NO_PEAK,"[]",NO_PEAK,"[]",NO_PEAK,"[]"
1237658203966800204,NO_PEAK,"[]",SINGLE,"[(50, 50)]",NO_PEAK,"[]",DOUBLE,"[(50, 50)(60, 64)]"
1237658203966800111,NO_PEAK,"[]",SINGLE,"[(50, 51)]",SINGLE,"[(50, 50)]",SINGLE,"[(50, 50)]"
1237658203429601430,SINGLE,"[(1, 28)]",SINGLE,"[(49, 50)]",SINGLE,"[(50, 50)]",SINGLE,"[(49, 50)]"
1237658611440550027,NO_PEAK,"[]",SINGLE,"[(46, 3)]",SINGLE,"[(46, 2)]",SINGLE,"[(45, 3)]"
1237658203429666925,SINGLE,"[(49, 50)]",SINGLE,"[(49, 50)]",SINGLE,"[(50, 50)]",SINGLE,"[(50, 50)]"
1237658611440549976,NO_PEAK,"[]",SINGLE,"[(50, 50)]",SINGLE,"[(50, 50)]",NO_PEAK,"[]"
1237658611440549948,NO_PEAK,"[]",SINGLE,"[(50, 50)]",SINGLE,"[(50, 50)]",SINGLE,"[(50, 50)]"
1237658203429666929,NO_PEAK,"[]",SINGLE,"[(50, 49)]",SINGLE,"[(50, 50)]",SINGLE,"[(50, 50)]"
1237658203429601460,NO_PEAK,"[]",SINGLE,"[(49, 50)]",SINGLE,"[(50, 50)]",SINGLE,"[(50, 50)]"
1237662339472162992,NO_PEAK,"[]",DOUBLE,"[(33, 63)(50, 50)]",DOUBLE,"[(33, 63)(50, 50)]",DOUBLE,"[(33, 63)(50, 50)]"
1237662339472228671,SINGLE,"[(42, 45)]",NO_PEAK,"[]",SINGLE,"[(50, 50)]",SINGLE,"[(50, 50)]"
1237662305659322517,NO_PEAK,"[]",SINGLE,"[(34, 59)]",SINGLE,"[(50, 50)]",NO_PEAK,"[]"
1237662339472162986,SINGLE,"[(50, 50)]",SINGLE,"[(50, 50)]",SINGLE,"[(51, 51)]",SINGLE,"[(50, 50)]"
1237662305659257089,NO_PEAK,"[]",SINGLE,"[(50, 50)]",SINGLE,"[(50, 50)]",SINGLE,"[(50, 50)]"
1237662305659322405,NO_PEAK,"[]",SINGLE,"[(50, 50)]",SINGLE,"[(50, 50)]",SINGLE,"[(49, 50)]"
1237662339472163028,SINGLE,"[(52, 48)]",NO_PEAK,"[]",DOUBLE,"[(50, 50)(40, 44)]",DOUBLE,"[(50, 50)(40, 44)]"
1237662340008968505,NO_PEAK,"[]",SINGLE,"[(30, 21)]",NO_PEAK,"[]",SINGLE,"[(30, 22)]"
1237662340008968320,SINGLE,"[(29, 28)]",SINGLE,"[(50, 50)]",SINGLE,"[(50, 50)]",SINGLE,"[(50, 50)]"
1237662305659322618,NO_PEAK,"[]",NO_PEAK,"[]",DOUBLE,"[(12, 40)(25, 46)]",DOUBLE,"[(12, 39)(25, 46)]"
1237662306196062430,NO_PEAK,"[]",SINGLE,"[(50, 50)]",SINGLE,"[(50, 50)]",SINGLE,"[(50, 50)]"
1237662339472162966,NO_PEAK,"[]",SINGLE,"[(50, 50)]",SINGLE,"[(50, 51)]",SINGLE,"[(49, 50)]"
1237662340009033904,SINGLE,"[(50, 50)]",SINGLE,"[(51, 50)]",SINGLE,"[(50, 50)]",SINGLE,"[(50, 50)]"
1237662340008968247,NO_PEAK,"[]",SINGLE,"[(45, 14)]",SINGLE,"[(45, 13)]",DOUBLE,"[(45, 13)(50, 50)]"
1237662306196127971,SINGLE,"[(50, 50)]",SINGLE,"[(49, 50)]",SINGLE,"[(50, 50)]",SINGLE,"[(50, 50)]"
1237662306195996893,SINGLE,"[(50, 50)]",SINGLE,"[(50, 50)]",SINGLE,"[(50, 50)]",SINGLE,"[(50, 50)]"
1237662340545708063,SINGLE,"[(50, 50)]",SINGLE,"[(50, 50)]",SINGLE,"[(50, 49)]",SINGLE,"[(50, 50)]"
1237662340545642725,NO_PEAK,"[]",SINGLE,"[(50, 50)]",SINGLE,"[(51, 50)]",NO_PEAK,"[]"
1237662306195996838,NO_PEAK,"[]",SINGLE,"[(50, 51)]",SINGLE,"[(50, 50)]",SINGLE,"[(50, 50)]"
1237662306195931368,NO_PEAK,"[]",NO_PEAK,"[]",SINGLE,"[(50, 50)]",SINGLE,"[(50, 50)]"
1237662340545708283,SINGLE,"[(50, 50)]",SINGLE,"[(50, 50)]",SINGLE,"[(50, 50)]",SINGLE,"[(50, 50)]"
1237662340545708300,SINGLE,"[(50, 50)]",SINGLE,"[(50, 50)]",SINGLE,"[(50, 50)]",SINGLE,"[(50, 50)]"
1237662340545708642,SINGLE,"[(99, 96)]",NO_PEAK,"[]",SINGLE,"[(30, 33)]",SINGLE,"[(30, 32)]"
1237662306195865695,SINGLE,"[(50, 50)]",SINGLE,"[(29, 27)]",SINGLE,"[(29, 26)]",DOUBLE,"[(50, 50)(29, 26)]"
1237662340545708136,NO_PEAK,"[]",SINGLE,"[(50, 50)]",DOUBLE,"[(50, 49)(55, 33)]",DOUBLE,"[(56, 33)(50, 50)]"
1237662340545708036,NO_PEAK,"[]",SINGLE,"[(43, 55)]",SINGLE,"[(43, 55)]",SINGLE,"[(44, 55)]"
1237662340545708051,SINGLE,"[(50, 50)]",SINGLE,"[(50, 50)]",SINGLE,"[(50, 51)]",SINGLE,"[(50, 50)]"
1237662306732802363,SINGLE,"[(24, 31)]",SINGLE,"[(50, 50)]",SINGLE,"[(50, 50)]",SINGLE,"[(50, 50)]"
1237662340545642652,NO_PEAK,"[]",NO_PEAK,"[]",DOUBLE,"[(50, 50)(38, 51)]",DOUBLE,"[(50, 50)(38, 51)]"
1237662340545577195,NO_PEAK,"[]",SINGLE,"[(50, 50)]",SINGLE,"[(51, 49)]",SINGLE,"[(50, 50)]"
1237662340545708335,NO_PEAK,"[]",SINGLE,"[(50, 50)]",SINGLE,"[(16, 32)]",SINGLE,"[(16, 32)]"
1237662306195931328,NO_PEAK,"[]",SINGLE,"[(50, 50)]",DOUBLE,"[(50, 50)(43, 59)]",NO_PEAK,"[]"
1237662339472031884,SINGLE,"[(50, 50)]",SINGLE,"[(50, 50)]",SINGLE,"[(50, 50)]",SINGLE,"[(50, 50)]"
1237662339471966502,SINGLE,"[(49, 51)]",SINGLE,"[(51, 50)]",SINGLE,"[(50, 51)]",SINGLE,"[(50, 50)]"
1237662305659191488,NO_PEAK,"[]",SINGLE,"[(50, 50)]",SINGLE,"[(50, 50)]",SINGLE,"[(50, 50)]"
1237662339472162947,NO_PEAK,"[]",SINGLE,"[(50, 50)]",DOUBLE,"[(50, 51)(60, 52)]",DOUBLE,"[(51, 50)(60, 52)]"
1237662339472097368,SINGLE,"[(49, 49)]",NO_PEAK,"[]",SINGLE,"[(50, 50)]",SINGLE,"[(60, 28)]"
1237662305659257021,NO_PEAK,"[]",SINGLE,"[(50, 49)]",SINGLE,"[(50, 50)]",SINGLE,"[(50, 50)]"
1237662305659191378,NO_PEAK,"[]",DOUBLE,"[(59, 54)(50, 50)]",DOUBLE,"[(59, 55)(50, 50)]",NO_PEAK,"[]"
1237662340008902724,SINGLE,"[(50, 50)]",SINGLE,"[(50, 50)]",SINGLE,"[(50, 50)]",SINGLE,"[(50, 50)]"
1237662340008837140,NO_PEAK,"[]",NO_PEAK,"[]",NO_PEAK,"[]",SINGLE,"[(50, 50)]"
1237662306195996860,NO_PEAK,"[]",SINGLE,"[(49, 49)]",NO_PEAK,"[]",SINGLE,"[(23, 45)]"
1237662340008837360,NO_PEAK,"[]",DOUBLE,"[(34, 57)(50, 50)]",DOUBLE,"[(34, 56)(50, 50)]",NO_PEAK,"[]"
1237662340008837340,SINGLE,"[(51, 48)]",SINGLE,"[(49, 49)]",NO_PEAK,"[]",NO_PEAK,"[]"
1237662305659257135,NO_PEAK,"[]",SINGLE,"[(50, 50)]",SINGLE,"[(50, 50)]",SINGLE,"[(50, 50)]"
1237662340008902809,NO_PEAK,"[]",SINGLE,"[(50, 50)]",SINGLE,"[(50, 50)]",SINGLE,"[(50, 50)]"
1237662306195996905,SINGLE,"[(50, 50)]",SINGLE,"[(51, 50)]",SINGLE,"[(51, 50)]",SINGLE,"[(51, 50)]"
1237662340008771730,SINGLE,"[(51, 50)]",SINGLE,"[(50, 50)]",SINGLE,"[(51, 50)]",DOUBLE,"[(59, 64)(50, 50)]"
1237662306195800420,SINGLE,"[(50, 50)]",SINGLE,"[(50, 50)]",SINGLE,"[(50, 50)]",SINGLE,"[(50, 50)]"
1237662340545577123,NO_PEAK,"[]",NO_PEAK,"[]",SINGLE,"[(50, 50)]",SINGLE,"[(50, 50)]"
1237662306195931405,NO_PEAK,"[]",SINGLE,"[(15, 51)]",SINGLE,"[(15, 51)]",SINGLE,"[(16, 51)]"
1237662306195800336,SINGLE,"[(50, 50)]",SINGLE,"[(50, 50)]",SINGLE,"[(50, 50)]",SINGLE,"[(50, 50)]"
1237662340008706298,SINGLE,"[(50, 50)]",SINGLE,"[(50, 50)]",SINGLE,"[(50, 50)]",SINGLE,"[(51, 50)]"
1237662340545511677,SINGLE,"[(51, 49)]",SINGLE,"[(50, 50)]",NO_PEAK,"[]",NO_PEAK,"[]"
1237662340008706260,NO_PEAK,"[]",SINGLE,"[(50, 50)]",SINGLE,"[(50, 50)]",DOUBLE,"[(50, 50)(39, 49)]"
1237662306195931344,SINGLE,"[(34, 46)]",DOUBLE,"[(34, 46)(50, 50)]",DOUBLE,"[(34, 46)(50, 50)]",DOUBLE,"[(34, 46)(50, 50)]"
1237662306195865922,SINGLE,"[(49, 50)]",SINGLE,"[(50, 50)]",SINGLE,"[(50, 50)]",SINGLE,"[(50, 50)]"
1237662340545511603,SINGLE,"[(34, 13)]",SINGLE,"[(34, 13)]",SINGLE,"[(34, 14)]",SINGLE,"[(33, 14)]"
1237662340545511591,NO_PEAK,"[]",SINGLE,"[(49, 50)]",SINGLE,"[(50, 50)]",SINGLE,"[(50, 50)]"
1237662306195800404,SINGLE,"[(50, 50)]",SINGLE,"[(50, 50)]",SINGLE,"[(50, 50)]",SINGLE,"[(50, 50)]"
1237662306195800441,SINGLE,"[(50, 49)]",SINGLE,"[(50, 50)]",SINGLE,"[(50, 50)]",SINGLE,"[(50, 50)]"
1237662306195865658,NO_PEAK,"[]",NO_PEAK,"[]",SINGLE,"[(50, 50)]",SINGLE,"[(50, 50)]"
1237662306195800397,SINGLE,"[(50, 50)]",SINGLE,"[(50, 49)]",SINGLE,"[(50, 50)]",SINGLE,"[(50, 50)]"
1237662340545577190,NO_PEAK,"[]",SINGLE,"[(50, 50)]",SINGLE,"[(51, 50)]",SINGLE,"[(50, 50)]"
1237662340545577166,NO_PEAK,"[]",SINGLE,"[(50, 50)]",SINGLE,"[(50, 50)]",SINGLE,"[(50, 50)]"
1237662340545577209,NO_PEAK,"[]",NO_PEAK,"[]",SINGLE,"[(50, 50)]",SINGLE,"[(50, 50)]"
1237662306195734849,NO_PEAK,"[]",SINGLE,"[(50, 50)]",NO_PEAK,"[]",NO_PEAK,"[]"
1237662306195800384,SINGLE,"[(51, 50)]",SINGLE,"[(50, 50)]",SINGLE,"[(50, 50)]",SINGLE,"[(50, 50)]"
1237662340008640736,NO_PEAK,"[]",SINGLE,"[(50, 50)]",NO_PEAK,"[]",NO_PEAK,"[]"
1237662340008640741,SINGLE,"[(38, 12)]",SINGLE,"[(50, 50)]",SINGLE,"[(50, 50)]",SINGLE,"[(50, 50)]"
1237662340008640725,NO_PEAK,"[]",SINGLE,"[(50, 49)]",SINGLE,"[(50, 50)]",SINGLE,"[(50, 50)]"
1237662306195800290,SINGLE,"[(13, 89)]",SINGLE,"[(49, 50)]",SINGLE,"[(50, 50)]",SINGLE,"[(50, 50)]"
1237662306195734868,SINGLE,"[(50, 50)]",SINGLE,"[(17, 35)]",SINGLE,"[(18, 35)]",SINGLE,"[(17, 35)]"
1237662340008575335,NO_PEAK,"[]",SINGLE,"[(50, 50)]",SINGLE,"[(50, 50)]",SINGLE,"[(50, 49)]"
1237662306195734889,SINGLE,"[(50, 50)]",NO_PEAK,"[]",SINGLE,"[(52, 17)]",SINGLE,"[(51, 17)]"
1237662340008640843,SINGLE,"[(51, 50)]",SINGLE,"[(50, 50)]",NO_PEAK,"[]",SINGLE,"[(52, 30)]"
1237662306195800259,NO_PEAK,"[]",SINGLE,"[(50, 50)]",SINGLE,"[(50, 50)]",SINGLE,"[(51, 50)]"
1237662340545446070,NO_PEAK,"[]",SINGLE,"[(50, 49)]",SINGLE,"[(50, 50)]",SINGLE,"[(50, 50)]"
1237662306195734723,NO_PEAK,"[]",SINGLE,"[(50, 50)]",SINGLE,"[(50, 50)]",NO_PEAK,"[]"
1237662306195734762,SINGLE,"[(49, 50)]",SINGLE,"[(50, 50)]",SINGLE,"[(50, 51)]",NO_PEAK,"[]"
1237662306195734806,NO_PEAK,"[]",SINGLE,"[(17, 10)]",SINGLE,"[(17, 11)]",SINGLE,"[(17, 11)]"
1237662340545446105,SINGLE,"[(50, 49)]",SINGLE,"[(50, 50)]",SINGLE,"[(50, 50)]",SINGLE,"[(50, 50)]"
1237662306195734756,SINGLE,"[(50, 50)]",SINGLE,"[(50, 50)]",SINGLE,"[(50, 50)]",SINGLE,"[(50, 50)]"
1237662340008509864,NO_PEAK,"[]",SINGLE,"[(50, 50)]",SINGLE,"[(50, 50)]",SINGLE,"[(50, 50)]"
1237662340008509870,SINGLE,"[(50, 51)]",SINGLE,"[(49, 50)]",SINGLE,"[(31, 33)]",SINGLE,"[(31, 33)]"
1237662340008640697,NO_PEAK,"[]",DOUBLE,"[(50, 50)(48, 55)]",NO_PEAK,"[]",DOUBLE,"[(50, 50)(48, 55)]"
1237662340008575276,NO_PEAK,"[]",SINGLE,"[(50, 50)]",SINGLE,"[(50, 50)]",SINGLE,"[(50, 50)]"
1237662340008575232,NO_PEAK,"[]",SINGLE,"[(50, 50)]",SINGLE,"[(50, 50)]",SINGLE,"[(50, 50)]"
1237662340008575202,SINGLE,"[(50, 50)]",SINGLE,"[(50, 50)]",NO_PEAK,"[]",SINGLE,"[(40, 19)]"
1237662340008575143,SINGLE,"[(14, 10)]",SINGLE,"[(49, 50)]",SINGLE,"[(50, 50)]",SINGLE,"[(50, 50)]"
1237662340008575225,NO_PEAK,"[]",SINGLE,"[(50, 50)]",SINGLE,"[(50, 50)]",SINGLE,"[(50, 50)]"
1237662340008575151,NO_PEAK,"[]",SINGLE,"[(50, 50)]",SINGLE,"[(17, 35)]",SINGLE,"[(18, 35)]"
1237662340008640601,NO_PEAK,"[]",SINGLE,"[(50, 50)]",SINGLE,"[(50, 50)]",SINGLE,"[(50, 50)]"
1237662340008509859,SINGLE,"[(25, 15)]",SINGLE,"[(26, 15)]",SINGLE,"[(25, 15)]",SINGLE,"[(25, 15)]"
1237662340008575189,NO_PEAK,"[]",SINGLE,"[(50, 50)]",SINGLE,"[(50, 50)]",SINGLE,"[(50, 50)]"
1237662306195669299,NO_PEAK,"[]",SINGLE,"[(50, 50)]",SINGLE,"[(50, 50)]",SINGLE,"[(50, 50)]"
1237662306195669267,SINGLE,"[(12, 40)]",SINGLE,"[(50, 50)]",SINGLE,"[(50, 50)]",SINGLE,"[(50, 50)]"
1237662306195669223,SINGLE,"[(51, 50)]",SINGLE,"[(49, 50)]",SINGLE,"[(50, 50)]",SINGLE,"[(50, 50)]"
1237662306195669211,SINGLE,"[(50, 50)]",SINGLE,"[(50, 50)]",SINGLE,"[(50, 50)]",SINGLE,"[(50, 50)]"
1237662340008509743,SINGLE,"[(51, 27)]",SINGLE,"[(51, 26)]",SINGLE,"[(51, 27)]",SINGLE,"[(51, 26)]"
1237662306195734693,SINGLE,"[(50, 50)]",SINGLE,"[(50, 50)]",SINGLE,"[(50, 50)]",SINGLE,"[(50, 50)]"
1237662306195669260,SINGLE,"[(50, 50)]",SINGLE,"[(50, 49)]",SINGLE,"[(50, 50)]",SINGLE,"[(50, 50)]"
1237662339471966376,NO_PEAK,"[]",SINGLE,"[(50, 50)]",SINGLE,"[(50, 51)]",NO_PEAK,"[]"
1237662305659060401,NO_PEAK,"[]",DOUBLE,"[(50, 49)(65, 56)]",DOUBLE,"[(50, 50)(33, 31)]",DOUBLE,"[(50, 50)(64, 56)]"
1237662305659060371,NO_PEAK,"[]",SINGLE,"[(31, 6)]",SINGLE,"[(31, 6)]",SINGLE,"[(31, 5)]"
1237662305659060494,NO_PEAK,"[]",SINGLE,"[(50, 50)]",SINGLE,"[(50, 50)]",SINGLE,"[(51, 50)]"
1237662305659060506,NO_PEAK,"[]",SINGLE,"[(50, 50)]",NO_PEAK,"[]",NO_PEAK,"[]"
1237662339471901000,NO_PEAK,"[]",SINGLE,"[(50, 50)]",SINGLE,"[(50, 50)]",NO_PEAK,"[]"
1237662339471966480,NO_PEAK,"[]",SINGLE,"[(50, 50)]",SINGLE,"[(50, 50)]",SINGLE,"[(50, 50)]"
1237662339471966267,NO_PEAK,"[]",SINGLE,"[(50, 50)]",SINGLE,"[(50, 50)]",DOUBLE,"[(50, 50)(49, 62)]"
1237662339472031826,NO_PEAK,"[]",SINGLE,"[(35, 13)]",SINGLE,"[(36, 13)]",SINGLE,"[(35, 12)]"
1237662305659060375,SINGLE,"[(50, 50)]",SINGLE,"[(50, 50)]",SINGLE,"[(50, 50)]",NO_PEAK,"[]"
1237662305659060525,SINGLE,"[(50, 50)]",SINGLE,"[(50, 50)]",SINGLE,"[(50, 50)]",SINGLE,"[(50, 50)]"
1237662305658994921,SINGLE,"[(50, 50)]",SINGLE,"[(50, 50)]",SINGLE,"[(50, 50)]",SINGLE,"[(50, 50)]"
1237662340008771595,SINGLE,"[(50, 49)]",SINGLE,"[(50, 50)]",SINGLE,"[(50, 50)]",SINGLE,"[(50, 50)]"
1237662305659060387,NO_PEAK,"[]",DOUBLE,"[(50, 50)(40, 37)]",SINGLE,"[(50, 50)]",SINGLE,"[(50, 50)]"
1237662305658994972,SINGLE,"[(23, 5)]",SINGLE,"[(23, 5)]",SINGLE,"[(23, 5)]",SINGLE,"[(23, 5)]"
1237662305658994947,NO_PEAK,"[]",NO_PEAK,"[]",NO_PEAK,"[]",NO_PEAK,"[]"
1237662305659060486,NO_PEAK,"[]",SINGLE,"[(50, 49)]",SINGLE,"[(50, 50)]",SINGLE,"[(51, 50)]"
1237662340008771780,NO_PEAK,"[]",SINGLE,"[(50, 51)]",SINGLE,"[(50, 50)]",SINGLE,"[(50, 50)]"
1237662340008509811,NO_PEAK,"[]",SINGLE,"[(50, 50)]",SINGLE,"[(50, 50)]",SINGLE,"[(50, 50)]"
1237662305658863935,NO_PEAK,"[]",SINGLE,"[(50, 50)]",SINGLE,"[(50, 50)]",SINGLE,"[(49, 50)]"
1237662340008509767,SINGLE,"[(31, 26)]",SINGLE,"[(30, 26)]",SINGLE,"[(31, 26)]",SINGLE,"[(31, 26)]"
1237662340008509762,NO_PEAK,"[]",SINGLE,"[(50, 50)]",SINGLE,"[(51, 50)]",SINGLE,"[(50, 50)]"
1237662340008509725,NO_PEAK,"[]",SINGLE,"[(18, 9)]",SINGLE,"[(19, 10)]",NO_PEAK,"[]"
1237662340008509494,NO_PEAK,"[]",SINGLE,"[(12, 42)]",SINGLE,"[(13, 42)]",SINGLE,"[(12, 42)]"
1237662305658863860,NO_PEAK,"[]",SINGLE,"[(50, 50)]",SINGLE,"[(50, 50)]",SINGLE,"[(50, 50)]"
1237662340008575131,NO_PEAK,"[]",SINGLE,"[(50, 50)]",SINGLE,"[(50, 50)]",SINGLE,"[(50, 50)]"
1237662305658798390,NO_PEAK,"[]",SINGLE,"[(50, 50)]",SINGLE,"[(50, 50)]",SINGLE,"[(50, 50)]"
1237662305658798365,NO_PEAK,"[]",SINGLE,"[(51, 50)]",SINGLE,"[(50, 50)]",SINGLE,"[(50, 50)]"
1237662340008509844,NO_PEAK,"[]",SINGLE,"[(50, 50)]",SINGLE,"[(50, 50)]",SINGLE,"[(50, 50)]"
1237662306195603744,SINGLE,"[(50, 49)]",SINGLE,"[(50, 50)]",SINGLE,"[(50, 50)]",SINGLE,"[(51, 50)]"
1237662340008509691,NO_PEAK,"[]",SINGLE,"[(50, 50)]",NO_PEAK,"[]",NO_PEAK,"[]"
1237662340008509830,NO_PEAK,"[]",SINGLE,"[(50, 50)]",SINGLE,"[(50, 50)]",SINGLE,"[(50, 50)]"
1237662340008509631,NO_PEAK,"[]",SINGLE,"[(50, 50)]",SINGLE,"[(50, 49)]",SINGLE,"[(50, 49)]"
1237662340008509750,NO_PEAK,"[]",SINGLE,"[(50, 50)]",NO_PEAK,"[]",SINGLE,"[(45, 4)]"
1237662340008509836,NO_PEAK,"[]",SINGLE,"[(50, 50)]",SINGLE,"[(50, 50)]",SINGLE,"[(50, 50)]"
1237662340008509733,SINGLE,"[(50, 49)]",SINGLE,"[(50, 50)]",SINGLE,"[(50, 50)]",SINGLE,"[(50, 50)]"
1237662340008509668,NO_PEAK,"[]",SINGLE,"[(50, 50)]",SINGLE,"[(50, 50)]",SINGLE,"[(50, 50)]"
1237662339471835443,SINGLE,"[(50, 50)]",NO_PEAK,"[]",SINGLE,"[(21, 5)]",SINGLE,"[(21, 5)]"
1237662339471835336,NO_PEAK,"[]",SINGLE,"[(50, 49)]",NO_PEAK,"[]",NO_PEAK,"[]"
1237662339471900954,SINGLE,"[(11, 27)]",SINGLE,"[(11, 27)]",SINGLE,"[(12, 27)]",SINGLE,"[(11, 27)]"
1237662305658994984,NO_PEAK,"[]",SINGLE,"[(50, 50)]",DOUBLE,"[(50, 50)(63, 59)]",DOUBLE,"[(50, 50)(63, 59)]"
1237662339471900900,SINGLE,"[(49, 50)]",SINGLE,"[(50, 50)]",NO_PEAK,"[]",NO_PEAK,"[]"
1237662339471835339,NO_PEAK,"[]",SINGLE,"[(17, 10)]",SINGLE,"[(17, 10)]",SINGLE,"[(17, 10)]"
1237662339471835382,SINGLE,"[(50, 50)]",SINGLE,"[(50, 50)]",DOUBLE,"[(50, 50)(50, 69)]",DOUBLE,"[(50, 50)(50, 70)]"
1237648722841764057,NO_PEAK,"[]",SINGLE,"[(50, 50)]",SINGLE,"[(50, 50)]",SINGLE,"[(50, 50)]"
1237674651539800359,NO_PEAK,"[]",SINGLE,"[(50, 50)]",SINGLE,"[(50, 50)]",SINGLE,"[(50, 50)]"
1237648722841763933,SINGLE,"[(50, 51)]",SINGLE,"[(50, 50)]",SINGLE,"[(50, 50)]",NO_PEAK,"[]"
1237648722304958639,SINGLE,"[(50, 51)]",SINGLE,"[(50, 49)]",SINGLE,"[(50, 50)]",SINGLE,"[(50, 50)]"
1237674651002863804,NO_PEAK,"[]",SINGLE,"[(50, 50)]",SINGLE,"[(50, 49)]",NO_PEAK,"[]"
1237674651002929242,NO_PEAK,"[]",SINGLE,"[(50, 50)]",SINGLE,"[(50, 50)]",NO_PEAK,"[]"
1237674651002929238,SINGLE,"[(50, 50)]",SINGLE,"[(51, 50)]",SINGLE,"[(50, 50)]",SINGLE,"[(50, 50)]"
1237648722305024103,NO_PEAK,"[]",SINGLE,"[(50, 50)]",NO_PEAK,"[]",NO_PEAK,"[]"
1237674650466058367,NO_PEAK,"[]",SINGLE,"[(50, 50)]",NO_PEAK,"[]",NO_PEAK,"[]"
1237648721768153189,SINGLE,"[(50, 50)]",SINGLE,"[(50, 50)]",NO_PEAK,"[]",NO_PEAK,"[]"
1237674651002929289,NO_PEAK,"[]",NO_PEAK,"[]",NO_PEAK,"[]",NO_PEAK,"[]"
1237648722304958483,NO_PEAK,"[]",SINGLE,"[(50, 50)]",DOUBLE,"[(50, 50)(45, 41)]",DOUBLE,"[(50, 50)(44, 41)]"
1237648722304958665,NO_PEAK,"[]",SINGLE,"[(3, 1)]",NO_PEAK,"[]",SINGLE,"[(3, 2)]"
1237674650466058347,NO_PEAK,"[]",SINGLE,"[(50, 50)]",SINGLE,"[(50, 50)]",SINGLE,"[(50, 50)]"
1237674651002929310,NO_PEAK,"[]",SINGLE,"[(50, 50)]",SINGLE,"[(50, 49)]",SINGLE,"[(50, 50)]"
1237674650466058260,NO_PEAK,"[]",NO_PEAK,"[]",NO_PEAK,"[]",NO_PEAK,"[]"
1237674650466058373,NO_PEAK,"[]",SINGLE,"[(50, 50)]",SINGLE,"[(50, 50)]",SINGLE,"[(50, 51)]"
1237674650466058389,NO_PEAK,"[]",SINGLE,"[(44, 10)]",SINGLE,"[(43, 10)]",SINGLE,"[(43, 10)]"
1237674651002863882,NO_PEAK,"[]",SINGLE,"[(50, 50)]",NO_PEAK,"[]",NO_PEAK,"[]"
1237648721231282301,SINGLE,"[(50, 49)]",SINGLE,"[(50, 50)]",SINGLE,"[(50, 50)]",SINGLE,"[(50, 50)]"
1237648722304958729,NO_PEAK,"[]",SINGLE,"[(50, 50)]",SINGLE,"[(50, 50)]",SINGLE,"[(51, 50)]"
1237674651539931235,NO_PEAK,"[]",NO_PEAK,"[]",SINGLE,"[(50, 50)]",SINGLE,"[(50, 49)]"
1237648722841894965,NO_PEAK,"[]",SINGLE,"[(49, 50)]",SINGLE,"[(50, 50)]",SINGLE,"[(50, 50)]"
1237648722841895050,SINGLE,"[(50, 50)]",NO_PEAK,"[]",NO_PEAK,"[]",NO_PEAK,"[]"
1237648722841960596,NO_PEAK,"[]",DOUBLE,"[(49, 49)(62, 52)]",DOUBLE,"[(50, 50)(62, 52)]",DOUBLE,"[(50, 50)(62, 52)]"
1237674651539931221,NO_PEAK,"[]",SINGLE,"[(50, 50)]",SINGLE,"[(50, 50)]",SINGLE,"[(50, 50)]"
1237648722841960519,NO_PEAK,"[]",SINGLE,"[(50, 50)]",SINGLE,"[(50, 50)]",SINGLE,"[(50, 49)]"
1237648722841960570,NO_PEAK,"[]",SINGLE,"[(50, 50)]",SINGLE,"[(50, 50)]",SINGLE,"[(50, 50)]"
1237648722841895120,NO_PEAK,"[]",SINGLE,"[(41, 8)]",SINGLE,"[(41, 7)]",SINGLE,"[(41, 8)]"
1237648722841894932,NO_PEAK,"[]",SINGLE,"[(50, 50)]",SINGLE,"[(50, 50)]",SINGLE,"[(50, 49)]"
1237674651539931223,NO_PEAK,"[]",SINGLE,"[(51, 49)]",SINGLE,"[(50, 49)]",SINGLE,"[(51, 49)]"
1237674651539931276,NO_PEAK,"[]",SINGLE,"[(50, 50)]",SINGLE,"[(50, 49)]",SINGLE,"[(50, 50)]"
1237674651539865688,NO_PEAK,"[]",SINGLE,"[(50, 50)]",SINGLE,"[(50, 49)]",SINGLE,"[(50, 50)]"
1237674651539931232,NO_PEAK,"[]",SINGLE,"[(50, 50)]",SINGLE,"[(50, 50)]",SINGLE,"[(50, 50)]"
1237648722841960505,NO_PEAK,"[]",SINGLE,"[(48, 34)]",SINGLE,"[(48, 33)]",SINGLE,"[(47, 33)]"
1237648722841960539,NO_PEAK,"[]",SINGLE,"[(50, 50)]",SINGLE,"[(50, 50)]",SINGLE,"[(50, 50)]"
1237648722841960606,SINGLE,"[(50, 50)]",SINGLE,"[(50, 50)]",SINGLE,"[(50, 49)]",SINGLE,"[(50, 50)]"
1237674651539865706,NO_PEAK,"[]",SINGLE,"[(50, 50)]",SINGLE,"[(50, 50)]",SINGLE,"[(50, 50)]"
1237674651002994696,SINGLE,"[(49, 60)]",DOUBLE,"[(49, 60)(50, 50)]",DOUBLE,"[(49, 60)(50, 50)]",DOUBLE,"[(49, 60)(50, 50)]"
1237648721768153267,NO_PEAK,"[]",SINGLE,"[(50, 50)]",SINGLE,"[(50, 50)]",SINGLE,"[(50, 50)]"
1237674650466123943,NO_PEAK,"[]",SINGLE,"[(50, 50)]",DOUBLE,"[(50, 50)(41, 55)]",SINGLE,"[(50, 50)]"
1237674650466189548,NO_PEAK,"[]",SINGLE,"[(20, 54)]",SINGLE,"[(20, 54)]",SINGLE,"[(20, 54)]"
1237674650466123869,NO_PEAK,"[]",SINGLE,"[(50, 50)]",SINGLE,"[(33, 26)]",SINGLE,"[(33, 25)]"
1237674651003060338,SINGLE,"[(15, 25)]",SINGLE,"[(50, 50)]",SINGLE,"[(50, 50)]",SINGLE,"[(50, 50)]"
1237648721768153234,NO_PEAK,"[]",SINGLE,"[(50, 50)]",SINGLE,"[(50, 50)]",SINGLE,"[(50, 50)]"
1237648721768218676,NO_PEAK,"[]",SINGLE,"[(50, 50)]",NO_PEAK,"[]",NO_PEAK,"[]"
1237674650466189576,SINGLE,"[(28, 20)]",SINGLE,"[(50, 49)]",SINGLE,"[(50, 50)]",SINGLE,"[(50, 49)]"
1237648721768218721,SINGLE,"[(50, 50)]",SINGLE,"[(50, 50)]",SINGLE,"[(50, 50)]",NO_PEAK,"[]"
1237674650466123924,NO_PEAK,"[]",SINGLE,"[(50, 50)]",SINGLE,"[(50, 50)]",SINGLE,"[(50, 50)]"
1237648721768219166,NO_PEAK,"[]",NO_PEAK,"[]",SINGLE,"[(50, 50)]",SINGLE,"[(50, 50)]"
1237648721768153136,NO_PEAK,"[]",SINGLE,"[(29, 17)]",SINGLE,"[(29, 17)]",SINGLE,"[(29, 18)]"
1237648722305024157,SINGLE,"[(50, 48)]",SINGLE,"[(50, 50)]",SINGLE,"[(50, 50)]",SINGLE,"[(50, 49)]"
1237648721768153248,NO_PEAK,"[]",SINGLE,"[(1, 10)]",SINGLE,"[(1, 11)]",SINGLE,"[(1, 11)]"
1237674651003125948,SINGLE,"[(22, 24)]",SINGLE,"[(22, 24)]",SINGLE,"[(22, 24)]",SINGLE,"[(22, 24)]"
1237674651003125885,NO_PEAK,"[]",SINGLE,"[(50, 50)]",NO_PEAK,"[]",NO_PEAK,"[]"
1237674651003125875,NO_PEAK,"[]",SINGLE,"[(42, 34)]",SINGLE,"[(42, 33)]",SINGLE,"[(42, 33)]"
1237674651003125879,NO_PEAK,"[]",SINGLE,"[(49, 49)]",SINGLE,"[(50, 50)]",SINGLE,"[(50, 50)]"
1237648722305089716,NO_PEAK,"[]",SINGLE,"[(49, 50)]",SINGLE,"[(50, 49)]",SINGLE,"[(50, 50)]"
1237674651003125906,NO_PEAK,"[]",DOUBLE,"[(50, 50)(45, 78)]",DOUBLE,"[(50, 49)(47, 68)]",DOUBLE,"[(50, 50)(47, 68)]"
1237674651003060573,NO_PEAK,"[]",SINGLE,"[(50, 50)]",SINGLE,"[(50, 49)]",SINGLE,"[(50, 50)]"
1237648721768349945,NO_PEAK,"[]",SINGLE,"[(56, 47)]",DOUBLE,"[(50, 50)(56, 47)]",SINGLE,"[(4, 42)]"
1237648721768218761,NO_PEAK,"[]",SINGLE,"[(50, 50)]",SINGLE,"[(50, 50)]",NO_PEAK,"[]"
1237648721231413438,SINGLE,"[(52, 51)]",SINGLE,"[(50, 50)]",NO_PEAK,"[]",SINGLE,"[(7, 36)]"
1237674650466255112,NO_PEAK,"[]",SINGLE,"[(29, 41)]",SINGLE,"[(30, 41)]",SINGLE,"[(30, 41)]"
1237674650466255087,SINGLE,"[(31, 32)]",SINGLE,"[(50, 50)]",SINGLE,"[(50, 50)]",SINGLE,"[(50, 50)]"
1237674651003060390,NO_PEAK,"[]",SINGLE,"[(50, 50)]",NO_PEAK,"[]",SINGLE,"[(49, 28)]"
1237674651003256865,NO_PEAK,"[]",SINGLE,"[(20, 50)]",SINGLE,"[(20, 50)]",NO_PEAK,"[]"
1237648722305286334,SINGLE,"[(49, 50)]",SINGLE,"[(50, 50)]",SINGLE,"[(50, 50)]",SINGLE,"[(50, 50)]"
1237674651003256863,NO_PEAK,"[]",SINGLE,"[(50, 50)]",SINGLE,"[(50, 50)]",SINGLE,"[(50, 50)]"
1237648721768415368,SINGLE,"[(50, 50)]",SINGLE,"[(50, 49)]",SINGLE,"[(50, 50)]",NO_PEAK,"[]"
1237674651003191406,NO_PEAK,"[]",SINGLE,"[(50, 50)]",SINGLE,"[(50, 50)]",SINGLE,"[(50, 49)]"
1237674650466320580,NO_PEAK,"[]",SINGLE,"[(51, 50)]",SINGLE,"[(50, 50)]",NO_PEAK,"[]"
1237648722305220735,SINGLE,"[(50, 50)]",SINGLE,"[(50, 50)]",SINGLE,"[(50, 49)]",SINGLE,"[(50, 50)]"
1237674651003191488,NO_PEAK,"[]",SINGLE,"[(50, 50)]",SINGLE,"[(50, 50)]",NO_PEAK,"[]"
1237648722305220777,NO_PEAK,"[]",SINGLE,"[(49, 51)]",SINGLE,"[(50, 49)]",SINGLE,"[(50, 50)]"
1237648722305220728,NO_PEAK,"[]",SINGLE,"[(50, 50)]",SINGLE,"[(50, 50)]",SINGLE,"[(50, 50)]"
1237674650466320560,NO_PEAK,"[]",SINGLE,"[(50, 50)]",SINGLE,"[(50, 50)]",SINGLE,"[(50, 50)]"
1237674650466320483,NO_PEAK,"[]",SINGLE,"[(50, 50)]",SINGLE,"[(50, 50)]",SINGLE,"[(50, 50)]"
1237674650466386166,NO_PEAK,"[]",NO_PEAK,"[]",NO_PEAK,"[]",SINGLE,"[(13, 30)]"
1237674651003191535,NO_PEAK,"[]",SINGLE,"[(50, 50)]",SINGLE,"[(50, 50)]",NO_PEAK,"[]"
1237674650466320525,NO_PEAK,"[]",SINGLE,"[(50, 50)]",SINGLE,"[(50, 50)]",SINGLE,"[(50, 49)]"
1237648721231544681,NO_PEAK,"[]",NO_PEAK,"[]",SINGLE,"[(19, 39)]",SINGLE,"[(19, 38)]"
1237648721231544485,DOUBLE,"[(56, 53)(48, 51)]",SINGLE,"[(54, 52)]",SINGLE,"[(45, 29)]",SINGLE,"[(45, 29)]"
1237648722842026180,SINGLE,"[(21, 42)]",SINGLE,"[(50, 49)]",SINGLE,"[(49, 50)]",SINGLE,"[(49, 49)]"
1237674651540062353,NO_PEAK,"[]",SINGLE,"[(50, 50)]",SINGLE,"[(50, 50)]",SINGLE,"[(50, 50)]"
1237648722842026064,SINGLE,"[(50, 50)]",SINGLE,"[(50, 50)]",SINGLE,"[(50, 50)]",NO_PEAK,"[]"
1237648722842157253,NO_PEAK,"[]",SINGLE,"[(50, 49)]",SINGLE,"[(50, 50)]",NO_PEAK,"[]"
1237648722842091635,NO_PEAK,"[]",SINGLE,"[(50, 50)]",SINGLE,"[(50, 50)]",SINGLE,"[(50, 50)]"
1237648722842026225,NO_PEAK,"[]",SINGLE,"[(50, 50)]",SINGLE,"[(50, 50)]",NO_PEAK,"[]"
1237648722842091587,NO_PEAK,"[]",SINGLE,"[(50, 50)]",SINGLE,"[(50, 50)]",NO_PEAK,"[]"
1237648722842157142,SINGLE,"[(49, 51)]",SINGLE,"[(50, 50)]",SINGLE,"[(50, 50)]",SINGLE,"[(50, 50)]"
1237648722841960629,NO_PEAK,"[]",DOUBLE,"[(50, 50)(47, 58)]",NO_PEAK,"[]",NO_PEAK,"[]"
1237674651540062321,NO_PEAK,"[]",SINGLE,"[(50, 50)]",NO_PEAK,"[]",SINGLE,"[(17, 32)]"
1237674651539996848,SINGLE,"[(33, 23)]",SINGLE,"[(50, 50)]",SINGLE,"[(50, 50)]",SINGLE,"[(50, 50)]"
1237674651540062344,NO_PEAK,"[]",SINGLE,"[(50, 50)]",SINGLE,"[(50, 50)]",SINGLE,"[(50, 50)]"
1237674651540062386,NO_PEAK,"[]",SINGLE,"[(11, 46)]",SINGLE,"[(11, 46)]",SINGLE,"[(11, 46)]"
1237674651539996841,NO_PEAK,"[]",SINGLE,"[(50, 50)]",SINGLE,"[(51, 50)]",SINGLE,"[(50, 50)]"
1237674651539996904,NO_PEAK,"[]",SINGLE,"[(49, 50)]",SINGLE,"[(50, 50)]",SINGLE,"[(50, 50)]"
1237674651539996856,NO_PEAK,"[]",SINGLE,"[(50, 50)]",SINGLE,"[(50, 50)]",SINGLE,"[(50, 50)]"
1237674651540062224,SINGLE,"[(25, 37)]",SINGLE,"[(25, 37)]",SINGLE,"[(25, 37)]",SINGLE,"[(25, 37)]"
1237674651540062335,NO_PEAK,"[]",SINGLE,"[(50, 50)]",SINGLE,"[(50, 50)]",SINGLE,"[(50, 49)]"
1237674651003322513,SINGLE,"[(50, 50)]",SINGLE,"[(50, 50)]",SINGLE,"[(50, 50)]",SINGLE,"[(50, 50)]"
1237674650466386049,NO_PEAK,"[]",SINGLE,"[(50, 50)]",SINGLE,"[(50, 50)]",SINGLE,"[(51, 50)]"
1237674650466451589,NO_PEAK,"[]",SINGLE,"[(50, 50)]",SINGLE,"[(50, 50)]",SINGLE,"[(50, 50)]"
1237674651003257103,NO_PEAK,"[]",SINGLE,"[(50, 50)]",SINGLE,"[(50, 50)]",SINGLE,"[(50, 50)]"
1237674651003322406,SINGLE,"[(50, 50)]",SINGLE,"[(50, 50)]",SINGLE,"[(50, 50)]",SINGLE,"[(50, 50)]"
1237674651003322495,NO_PEAK,"[]",SINGLE,"[(50, 50)]",SINGLE,"[(50, 50)]",SINGLE,"[(50, 50)]"
1237648722305351966,NO_PEAK,"[]",DOUBLE,"[(50, 50)(56, 44)]",DOUBLE,"[(56, 87)(50, 50)]",DOUBLE,"[(56, 87)(50, 50)]"
1237648721768415484,NO_PEAK,"[]",SINGLE,"[(49, 50)]",SINGLE,"[(50, 50)]",NO_PEAK,"[]"
1237648721768480846,SINGLE,"[(50, 50)]",SINGLE,"[(50, 50)]",DOUBLE,"[(50, 50)(58, 60)]",SINGLE,"[(50, 50)]"
1237674651003257059,NO_PEAK,"[]",SINGLE,"[(50, 50)]",SINGLE,"[(50, 50)]",SINGLE,"[(50, 50)]"
1237674650466451653,NO_PEAK,"[]",DOUBLE,"[(50, 50)(61, 61)]",DOUBLE,"[(50, 50)(61, 62)]",DOUBLE,"[(50, 50)(62, 62)]"
1237674650466451477,NO_PEAK,"[]",NO_PEAK,"[]",NO_PEAK,"[]",NO_PEAK,"[]"
1237674650466517407,NO_PEAK,"[]",SINGLE,"[(31, 30)]",SINGLE,"[(31, 32)]",NO_PEAK,"[]"
1237674650466517133,NO_PEAK,"[]",SINGLE,"[(51, 50)]",SINGLE,"[(50, 50)]",NO_PEAK,"[]"
1237674650466451681,NO_PEAK,"[]",SINGLE,"[(50, 50)]",SINGLE,"[(50, 50)]",SINGLE,"[(50, 50)]"
1237648722842222720,NO_PEAK,"[]",SINGLE,"[(51, 50)]",SINGLE,"[(50, 50)]",SINGLE,"[(50, 50)]"
1237648722842157228,NO_PEAK,"[]",SINGLE,"[(50, 50)]",SINGLE,"[(50, 50)]",NO_PEAK,"[]"
1237648722842288243,NO_PEAK,"[]",SINGLE,"[(50, 50)]",SINGLE,"[(50, 50)]",DOUBLE,"[(50, 50)(44, 37)]"
1237648722842222799,SINGLE,"[(66, 71)]",NO_PEAK,"[]",SINGLE,"[(50, 50)]",SINGLE,"[(50, 49)]"
1237648722842157216,NO_PEAK,"[]",SINGLE,"[(50, 50)]",SINGLE,"[(50, 50)]",SINGLE,"[(50, 50)]"
1237648722842157197,NO_PEAK,"[]",SINGLE,"[(50, 49)]",SINGLE,"[(50, 50)]",SINGLE,"[(50, 49)]"
1237674651540193380,NO_PEAK,"[]",SINGLE,"[(50, 50)]",SINGLE,"[(51, 50)]",SINGLE,"[(50, 50)]"
1237648722842157159,NO_PEAK,"[]",SINGLE,"[(50, 49)]",SINGLE,"[(50, 50)]",SINGLE,"[(50, 50)]"
1237648722842157177,NO_PEAK,"[]",NO_PEAK,"[]",SINGLE,"[(59, 39)]",SINGLE,"[(50, 50)]"
1237674651540127878,NO_PEAK,"[]",SINGLE,"[(50, 50)]",SINGLE,"[(50, 50)]",SINGLE,"[(50, 50)]"
1237648722842157205,SINGLE,"[(50, 51)]",SINGLE,"[(50, 50)]",SINGLE,"[(50, 50)]",SINGLE,"[(50, 50)]"
1237674651540127863,NO_PEAK,"[]",SINGLE,"[(50, 50)]",SINGLE,"[(50, 50)]",NO_PEAK,"[]"
1237674651540127851,NO_PEAK,"[]",DOUBLE,"[(50, 50)(45, 42)]",SINGLE,"[(50, 50)]",SINGLE,"[(50, 50)]"
1237674651540193496,NO_PEAK,"[]",SINGLE,"[(49, 50)]",SINGLE,"[(50, 49)]",SINGLE,"[(50, 50)]"
1237674651540127847,NO_PEAK,"[]",SINGLE,"[(50, 50)]",SINGLE,"[(50, 50)]",SINGLE,"[(50, 50)]"
1237648722842157181,NO_PEAK,"[]",DOUBLE,"[(50, 50)(56, 40)]",DOUBLE,"[(50, 50)(56, 41)]",DOUBLE,"[(50, 50)(56, 40)]"
1237674651003453690,NO_PEAK,"[]",SINGLE,"[(51, 49)]",SINGLE,"[(50, 50)]",NO_PEAK,"[]"
1237674651003519139,NO_PEAK,"[]",SINGLE,"[(49, 50)]",NO_PEAK,"[]",SINGLE,"[(11, 45)]"
1237674651003453608,NO_PEAK,"[]",DOUBLE,"[(50, 50)(60, 43)]",SINGLE,"[(50, 50)]",SINGLE,"[(50, 50)]"
1237648722305482951,NO_PEAK,"[]",SINGLE,"[(50, 50)]",SINGLE,"[(50, 50)]",NO_PEAK,"[]"
1237674651003453662,NO_PEAK,"[]",DOUBLE,"[(50, 50)(39, 48)]",SINGLE,"[(50, 50)]",SINGLE,"[(50, 50)]"
1237648721231806702,SINGLE,"[(50, 50)]",SINGLE,"[(50, 50)]",SINGLE,"[(50, 50)]",NO_PEAK,"[]"
1237648722305482899,NO_PEAK,"[]",SINGLE,"[(50, 50)]",NO_PEAK,"[]",SINGLE,"[(22, 18)]"
1237648722305548348,SINGLE,"[(50, 50)]",SINGLE,"[(50, 50)]",SINGLE,"[(50, 50)]",SINGLE,"[(51, 49)]"
1237674650466582686,NO_PEAK,"[]",SINGLE,"[(50, 50)]",SINGLE,"[(28, 54)]",SINGLE,"[(28, 54)]"
1237674650466517288,NO_PEAK,"[]",NO_PEAK,"[]",NO_PEAK,"[]",SINGLE,"[(50, 50)]"
1237674651003387972,NO_PEAK,"[]",SINGLE,"[(50, 50)]",SINGLE,"[(8, 50)]",SINGLE,"[(8, 50)]"
1237674650466648161,NO_PEAK,"[]",SINGLE,"[(18, 41)]",SINGLE,"[(18, 41)]",SINGLE,"[(17, 41)]"
1237648721231675629,SINGLE,"[(50, 50)]",SINGLE,"[(50, 50)]",SINGLE,"[(50, 50)]",SINGLE,"[(50, 50)]"
1237648721768546445,NO_PEAK,"[]",SINGLE,"[(50, 50)]",SINGLE,"[(50, 50)]",SINGLE,"[(51, 51)]"
1237648722842288332,NO_PEAK,"[]",SINGLE,"[(50, 50)]",SINGLE,"[(50, 50)]",NO_PEAK,"[]"
1237674651540390167,NO_PEAK,"[]",SINGLE,"[(50, 50)]",NO_PEAK,"[]",SINGLE,"[(33, 42)]"
1237648722842288386,NO_PEAK,"[]",NO_PEAK,"[]",NO_PEAK,"[]",SINGLE,"[(21, 54)]"
1237674651540390024,NO_PEAK,"[]",SINGLE,"[(50, 50)]",SINGLE,"[(50, 50)]",SINGLE,"[(50, 50)]"
1237674651540390064,NO_PEAK,"[]",NO_PEAK,"[]",NO_PEAK,"[]",NO_PEAK,"[]"
1237648722842288302,NO_PEAK,"[]",SINGLE,"[(51, 50)]",NO_PEAK,"[]",NO_PEAK,"[]"
1237674651540324456,NO_PEAK,"[]",SINGLE,"[(50, 50)]",NO_PEAK,"[]",SINGLE,"[(23, 53)]"
1237674651540258973,NO_PEAK,"[]",SINGLE,"[(38, 28)]",SINGLE,"[(37, 27)]",SINGLE,"[(38, 28)]"
1237674651540258982,NO_PEAK,"[]",SINGLE,"[(50, 50)]",SINGLE,"[(50, 50)]",SINGLE,"[(51, 50)]"
1237648722842353748,SINGLE,"[(50, 50)]",SINGLE,"[(50, 50)]",SINGLE,"[(50, 50)]",SINGLE,"[(50, 50)]"
1237674651540390057,SINGLE,"[(32, 23)]",SINGLE,"[(50, 50)]",NO_PEAK,"[]",NO_PEAK,"[]"
1237674651540259026,NO_PEAK,"[]",SINGLE,"[(50, 50)]",NO_PEAK,"[]",SINGLE,"[(51, 19)]"
1237674651540259052,NO_PEAK,"[]",NO_PEAK,"[]",SINGLE,"[(50, 50)]",SINGLE,"[(50, 50)]"
1237648722842288337,SINGLE,"[(50, 49)]",SINGLE,"[(51, 50)]",SINGLE,"[(50, 50)]",SINGLE,"[(50, 50)]"
1237674650466648213,NO_PEAK,"[]",SINGLE,"[(50, 49)]",SINGLE,"[(50, 50)]",SINGLE,"[(50, 50)]"
1237674651003584586,NO_PEAK,"[]",DOUBLE,"[(50, 50)(45, 47)]",DOUBLE,"[(51, 51)(37, 43)]",DOUBLE,"[(50, 50)(36, 42)]"
1237648721768743755,NO_PEAK,"[]",NO_PEAK,"[]",SINGLE,"[(50, 50)]",SINGLE,"[(50, 50)]"
1237648721768743049,NO_PEAK,"[]",SINGLE,"[(50, 50)]",SINGLE,"[(50, 50)]",SINGLE,"[(50, 50)]"
1237674651003519174,NO_PEAK,"[]",SINGLE,"[(49, 50)]",SINGLE,"[(50, 50)]",SINGLE,"[(50, 50)]"
1237648721768808556,NO_PEAK,"[]",SINGLE,"[(49, 50)]",SINGLE,"[(50, 50)]",SINGLE,"[(51, 50)]"
1237648722305548504,NO_PEAK,"[]",SINGLE,"[(50, 50)]",NO_PEAK,"[]",SINGLE,"[(2, 22)]"
1237648722305613999,DOUBLE,"[(50, 47)(49, 53)]",SINGLE,"[(50, 49)]",SINGLE,"[(50, 50)]",SINGLE,"[(50, 49)]"
1237674651003584657,NO_PEAK,"[]",DOUBLE,"[(50, 50)(58, 44)]",SINGLE,"[(50, 50)]",SINGLE,"[(50, 50)]"
1237674651003519213,NO_PEAK,"[]",SINGLE,"[(50, 50)]",DOUBLE,"[(50, 50)(56, 39)]",DOUBLE,"[(50, 50)(56, 39)]"
1237648721768743120,SINGLE,"[(50, 50)]",SINGLE,"[(50, 50)]",SINGLE,"[(50, 50)]",SINGLE,"[(51, 50)]"
1237648721768677558,NO_PEAK,"[]",SINGLE,"[(50, 50)]",SINGLE,"[(50, 50)]",SINGLE,"[(50, 50)]"
1237674651003650157,NO_PEAK,"[]",SINGLE,"[(50, 50)]",SINGLE,"[(50, 50)]",SINGLE,"[(50, 50)]"
1237674651003519183,NO_PEAK,"[]",SINGLE,"[(50, 49)]",SINGLE,"[(50, 50)]",SINGLE,"[(50, 50)]"
1237648721768808574,NO_PEAK,"[]",SINGLE,"[(50, 50)]",SINGLE,"[(50, 50)]",SINGLE,"[(50, 50)]"
1237648721768743044,SINGLE,"[(50, 50)]",SINGLE,"[(50, 50)]",SINGLE,"[(50, 50)]",SINGLE,"[(50, 50)]"
1237674650466713750,NO_PEAK,"[]",SINGLE,"[(50, 50)]",SINGLE,"[(50, 50)]",SINGLE,"[(50, 50)]"
1237648703503663267,NO_PEAK,"[]",SINGLE,"[(50, 50)]",SINGLE,"[(50, 50)]",SINGLE,"[(50, 50)]"
1237648703503728906,NO_PEAK,"[]",NO_PEAK,"[]",NO_PEAK,"[]",NO_PEAK,"[]"
1237648703503663216,NO_PEAK,"[]",SINGLE,"[(49, 50)]",SINGLE,"[(50, 50)]",DOUBLE,"[(50, 50)(51, 39)]"
1237648703503794597,NO_PEAK,"[]",NO_PEAK,"[]",NO_PEAK,"[]",NO_PEAK,"[]"
1237648703503663224,NO_PEAK,"[]",SINGLE,"[(50, 49)]",SINGLE,"[(50, 50)]",SINGLE,"[(50, 50)]"
1237648703503663317,NO_PEAK,"[]",SINGLE,"[(50, 50)]",DOUBLE,"[(50, 50)(45, 70)]",NO_PEAK,"[]"
1237648703503728835,NO_PEAK,"[]",SINGLE,"[(50, 50)]",SINGLE,"[(51, 50)]",SINGLE,"[(50, 50)]"
1237648703503728878,NO_PEAK,"[]",SINGLE,"[(50, 50)]",SINGLE,"[(50, 50)]",NO_PEAK,"[]"
1237651753480880353,NO_PEAK,"[]",SINGLE,"[(16, 11)]",SINGLE,"[(16, 11)]",SINGLE,"[(17, 11)]"
1237651735764336869,NO_PEAK,"[]",SINGLE,"[(50, 49)]",SINGLE,"[(50, 50)]",SINGLE,"[(50, 51)]"
1237651735764336899,NO_PEAK,"[]",SINGLE,"[(50, 50)]",SINGLE,"[(50, 50)]",SINGLE,"[(50, 50)]"
1237651735764336893,NO_PEAK,"[]",SINGLE,"[(28, 1)]",SINGLE,"[(27, 1)]",NO_PEAK,"[]"
1237651735764402301,SINGLE,"[(25, 19)]",SINGLE,"[(25, 19)]",SINGLE,"[(25, 19)]",SINGLE,"[(25, 19)]"
1237651753480880773,SINGLE,"[(10, 70)]",NO_PEAK,"[]",SINGLE,"[(50, 50)]",SINGLE,"[(50, 50)]"
1237651735764271336,NO_PEAK,"[]",NO_PEAK,"[]",SINGLE,"[(7, 36)]",SINGLE,"[(8, 36)]"
1237651737912017030,NO_PEAK,"[]",SINGLE,"[(50, 50)]",SINGLE,"[(50, 50)]",NO_PEAK,"[]"
1237651737375015076,NO_PEAK,"[]",DOUBLE,"[(50, 49)(51, 28)]",DOUBLE,"[(50, 50)(51, 28)]",DOUBLE,"[(50, 50)(51, 29)]"
1237651737374949567,NO_PEAK,"[]",SINGLE,"[(50, 50)]",SINGLE,"[(50, 50)]",DOUBLE,"[(50, 50)(64, 58)]"
1237651737375080604,SINGLE,"[(51, 51)]",SINGLE,"[(50, 50)]",SINGLE,"[(50, 50)]",SINGLE,"[(50, 49)]"
1237651737375146113,SINGLE,"[(9, 2)]",SINGLE,"[(9, 1)]",SINGLE,"[(10, 1)]",SINGLE,"[(10, 2)]"
1237651755091624030,SINGLE,"[(50, 50)]",SINGLE,"[(50, 51)]",SINGLE,"[(50, 50)]",SINGLE,"[(50, 50)]"
1237651737375146131,NO_PEAK,"[]",SINGLE,"[(49, 50)]",SINGLE,"[(50, 50)]",NO_PEAK,"[]"
1237651754554753194,SINGLE,"[(51, 52)]",SINGLE,"[(52, 51)]",SINGLE,"[(50, 49)]",SINGLE,"[(49, 50)]"
1237651755091689553,NO_PEAK,"[]",SINGLE,"[(50, 50)]",SINGLE,"[(50, 50)]",SINGLE,"[(50, 50)]"
1237651737375015062,NO_PEAK,"[]",NO_PEAK,"[]",NO_PEAK,"[]",NO_PEAK,"[]"
1237651755091624141,NO_PEAK,"[]",SINGLE,"[(50, 50)]",SINGLE,"[(50, 50)]",SINGLE,"[(51, 49)]"
1237651737375015125,NO_PEAK,"[]",SINGLE,"[(50, 50)]",SINGLE,"[(50, 50)]",NO_PEAK,"[]"
1237651754554753441,NO_PEAK,"[]",NO_PEAK,"[]",SINGLE,"[(50, 50)]",NO_PEAK,"[]"
1237651737375211620,NO_PEAK,"[]",SINGLE,"[(50, 50)]",SINGLE,"[(50, 50)]",SINGLE,"[(50, 50)]"
1237651737375080693,NO_PEAK,"[]",SINGLE,"[(50, 50)]",NO_PEAK,"[]",SINGLE,"[(1, 10)]"
1237651736838013071,NO_PEAK,"[]",SINGLE,"[(50, 51)]",SINGLE,"[(50, 50)]",SINGLE,"[(50, 50)]"
1237651754017620065,NO_PEAK,"[]",SINGLE,"[(50, 50)]",SINGLE,"[(50, 50)]",NO_PEAK,"[]"
1237651754554556548,NO_PEAK,"[]",DOUBLE,"[(50, 50)(56, 57)]",SINGLE,"[(50, 49)]",SINGLE,"[(9, 29)]"
1237651754554556544,NO_PEAK,"[]",SINGLE,"[(50, 50)]",SINGLE,"[(50, 51)]",SINGLE,"[(50, 50)]"
1237651736838078562,NO_PEAK,"[]",SINGLE,"[(50, 50)]",SINGLE,"[(50, 50)]",SINGLE,"[(50, 50)]"
1237651754017751163,NO_PEAK,"[]",SINGLE,"[(50, 49)]",SINGLE,"[(50, 50)]",SINGLE,"[(50, 50)]"
1237651736838144228,NO_PEAK,"[]",NO_PEAK,"[]",NO_PEAK,"[]",SINGLE,"[(20, 19)]"
1237651736301142235,NO_PEAK,"[]",SINGLE,"[(50, 49)]",SINGLE,"[(50, 50)]",SINGLE,"[(50, 50)]"
1237651736301142203,NO_PEAK,"[]",SINGLE,"[(51, 50)]",SINGLE,"[(50, 50)]",DOUBLE,"[(49, 50)(72, 63)]"
1237651754017685675,NO_PEAK,"[]",SINGLE,"[(49, 50)]",SINGLE,"[(50, 50)]",SINGLE,"[(50, 50)]"
1237651736838013064,NO_PEAK,"[]",SINGLE,"[(50, 50)]",SINGLE,"[(50, 50)]",DOUBLE,"[(50, 50)(32, 37)]"
1237651754017620080,NO_PEAK,"[]",NO_PEAK,"[]",NO_PEAK,"[]",NO_PEAK,"[]"
1237651754017620194,NO_PEAK,"[]",SINGLE,"[(50, 50)]",SINGLE,"[(50, 50)]",NO_PEAK,"[]"
1237651736301207675,NO_PEAK,"[]",DOUBLE,"[(44, 52)(51, 50)]",DOUBLE,"[(51, 50)(45, 52)]",DOUBLE,"[(50, 50)(45, 51)]"
1237651737912148112,NO_PEAK,"[]",DOUBLE,"[(59, 37)(49, 49)]",DOUBLE,"[(60, 37)(50, 49)]",DOUBLE,"[(60, 37)(50, 50)]"
1237651737375277195,NO_PEAK,"[]",SINGLE,"[(49, 50)]",SINGLE,"[(50, 50)]",SINGLE,"[(50, 50)]"
1237651755091755110,NO_PEAK,"[]",SINGLE,"[(50, 50)]",SINGLE,"[(50, 49)]",SINGLE,"[(50, 51)]"
1237651755091755116,NO_PEAK,"[]",SINGLE,"[(50, 50)]",SINGLE,"[(50, 50)]",SINGLE,"[(50, 50)]"
1237651755091755081,NO_PEAK,"[]",SINGLE,"[(49, 50)]",SINGLE,"[(50, 50)]",SINGLE,"[(51, 49)]"
1237651754554884361,SINGLE,"[(20, 21)]",SINGLE,"[(20, 21)]",SINGLE,"[(20, 20)]",SINGLE,"[(21, 21)]"
1237651737375277203,NO_PEAK,"[]",SINGLE,"[(50, 50)]",SINGLE,"[(50, 50)]",SINGLE,"[(50, 50)]"
1237655123941261440,SINGLE,"[(52, 45)]",SINGLE,"[(50, 50)]",SINGLE,"[(50, 51)]",SINGLE,"[(50, 50)]"
1237651737912148035,SINGLE,"[(33, 54)]",SINGLE,"[(20, 1)]",SINGLE,"[(20, 1)]",SINGLE,"[(20, 1)]"
1237651737375211622,NO_PEAK,"[]",SINGLE,"[(49, 50)]",SINGLE,"[(50, 50)]",SINGLE,"[(50, 50)]"
1237651755091689608,NO_PEAK,"[]",SINGLE,"[(50, 50)]",SINGLE,"[(51, 49)]",SINGLE,"[(50, 50)]"
1237651755091820628,NO_PEAK,"[]",SINGLE,"[(50, 50)]",SINGLE,"[(50, 50)]",SINGLE,"[(50, 49)]"
1237651754017882262,NO_PEAK,"[]",DOUBLE,"[(50, 51)(56, 41)]",DOUBLE,"[(51, 50)(42, 61)]",SINGLE,"[(50, 50)]"
1237651754017947693,NO_PEAK,"[]",NO_PEAK,"[]",SINGLE,"[(11, 34)]",SINGLE,"[(12, 35)]"
1237651754017947817,NO_PEAK,"[]",SINGLE,"[(50, 51)]",SINGLE,"[(50, 50)]",SINGLE,"[(49, 50)]"
1237651736838209589,NO_PEAK,"[]",NO_PEAK,"[]",SINGLE,"[(50, 50)]",SINGLE,"[(50, 50)]"
1237651754017751638,SINGLE,"[(29, 23)]",NO_PEAK,"[]",SINGLE,"[(15, 34)]",SINGLE,"[(14, 34)]"
1237651736301404301,SINGLE,"[(49, 49)]",SINGLE,"[(50, 50)]",NO_PEAK,"[]",NO_PEAK,"[]"
1237651736301535326,NO_PEAK,"[]",SINGLE,"[(49, 50)]",NO_PEAK,"[]",SINGLE,"[(11, 4)]"
1237651754017816662,NO_PEAK,"[]",DOUBLE,"[(50, 49)(40, 31)]",DOUBLE,"[(50, 49)(40, 31)]",DOUBLE,"[(50, 50)(40, 32)]"
1237651754017947768,NO_PEAK,"[]",DOUBLE,"[(50, 50)(66, 65)]",DOUBLE,"[(50, 50)(57, 58)]",DOUBLE,"[(50, 50)(56, 57)]"
1237651754017816725,SINGLE,"[(57, 23)]",SINGLE,"[(50, 50)]",SINGLE,"[(50, 50)]",SINGLE,"[(51, 50)]"
1237651736301469807,NO_PEAK,"[]",SINGLE,"[(49, 50)]",SINGLE,"[(50, 50)]",SINGLE,"[(50, 50)]"
1237651736301404185,DOUBLE,"[(50, 50)(35, 50)]",NO_PEAK,"[]",DOUBLE,"[(51, 50)(36, 50)]",NO_PEAK,"[]"
1237651755091886192,NO_PEAK,"[]",SINGLE,"[(3, 36)]",SINGLE,"[(3, 35)]",SINGLE,"[(4, 35)]"
1237651737375408363,NO_PEAK,"[]",SINGLE,"[(50, 50)]",SINGLE,"[(50, 50)]",SINGLE,"[(50, 50)]"
1237655123941326965,SINGLE,"[(50, 50)]",SINGLE,"[(50, 50)]",SINGLE,"[(50, 50)]",SINGLE,"[(50, 51)]"
1237651755091886292,NO_PEAK,"[]",SINGLE,"[(50, 49)]",SINGLE,"[(50, 50)]",SINGLE,"[(50, 49)]"
1237651755091951627,NO_PEAK,"[]",NO_PEAK,"[]",NO_PEAK,"[]",SINGLE,"[(50, 50)]"
1237651755091820576,SINGLE,"[(50, 51)]",SINGLE,"[(50, 50)]",SINGLE,"[(50, 50)]",SINGLE,"[(50, 50)]"
1237651737912279139,NO_PEAK,"[]",NO_PEAK,"[]",NO_PEAK,"[]",SINGLE,"[(50, 50)]"
1237651737375408366,NO_PEAK,"[]",SINGLE,"[(49, 50)]",SINGLE,"[(3, 25)]",NO_PEAK,"[]"
1237651755091820856,NO_PEAK,"[]",NO_PEAK,"[]",SINGLE,"[(13, 42)]",NO_PEAK,"[]"
1237651737375342822,NO_PEAK,"[]",SINGLE,"[(51, 51)]",SINGLE,"[(50, 50)]",NO_PEAK,"[]"
1237651755091886244,SINGLE,"[(50, 50)]",SINGLE,"[(50, 50)]",SINGLE,"[(50, 50)]",NO_PEAK,"[]"
1237651737375408353,NO_PEAK,"[]",SINGLE,"[(50, 50)]",SINGLE,"[(50, 50)]",SINGLE,"[(50, 50)]"
1237651737375342747,NO_PEAK,"[]",SINGLE,"[(49, 50)]",SINGLE,"[(50, 50)]",SINGLE,"[(50, 50)]"
1237651755091886781,NO_PEAK,"[]",NO_PEAK,"[]",SINGLE,"[(50, 50)]",NO_PEAK,"[]"
1237651755091820664,NO_PEAK,"[]",SINGLE,"[(49, 50)]",SINGLE,"[(50, 49)]",SINGLE,"[(50, 50)]"
1237651737375408409,NO_PEAK,"[]",SINGLE,"[(50, 50)]",SINGLE,"[(50, 50)]",DOUBLE,"[(51, 50)(56, 61)]"
1237651736838471803,NO_PEAK,"[]",SINGLE,"[(50, 50)]",SINGLE,"[(50, 50)]",SINGLE,"[(50, 50)]"
1237651754018013609,SINGLE,"[(31, 19)]",NO_PEAK,"[]",SINGLE,"[(50, 50)]",NO_PEAK,"[]"
1237651736838406359,NO_PEAK,"[]",SINGLE,"[(50, 50)]",NO_PEAK,"[]",SINGLE,"[(28, 49)]"
1237651754018013275,NO_PEAK,"[]",NO_PEAK,"[]",SINGLE,"[(16, 24)]",SINGLE,"[(16, 24)]"
1237651736838406331,NO_PEAK,"[]",SINGLE,"[(50, 50)]",SINGLE,"[(50, 50)]",NO_PEAK,"[]"
1237651736838471798,NO_PEAK,"[]",SINGLE,"[(50, 50)]",SINGLE,"[(50, 50)]",SINGLE,"[(50, 49)]"
1237651736301600821,NO_PEAK,"[]",SINGLE,"[(50, 50)]",NO_PEAK,"[]",NO_PEAK,"[]"
1237651736301535452,SINGLE,"[(25, 30)]",SINGLE,"[(19, 20)]",SINGLE,"[(19, 20)]",SINGLE,"[(24, 30)]"
1237651754018013270,NO_PEAK,"[]",SINGLE,"[(50, 50)]",SINGLE,"[(50, 50)]",SINGLE,"[(50, 50)]"
1237651754018078824,NO_PEAK,"[]",SINGLE,"[(50, 50)]",SINGLE,"[(50, 50)]",SINGLE,"[(50, 50)]"
1237651736838406311,NO_PEAK,"[]",SINGLE,"[(50, 50)]",SINGLE,"[(50, 50)]",SINGLE,"[(50, 50)]"
1237651754018013198,SINGLE,"[(50, 50)]",SINGLE,"[(50, 50)]",SINGLE,"[(50, 50)]",SINGLE,"[(50, 50)]"
1237651736301535411,NO_PEAK,"[]",NO_PEAK,"[]",DOUBLE,"[(50, 50)(69, 50)]",NO_PEAK,"[]"
1237651736301600774,SINGLE,"[(11, 56)]",SINGLE,"[(12, 56)]",SINGLE,"[(12, 56)]",SINGLE,"[(12, 56)]"
1237651736301600840,NO_PEAK,"[]",SINGLE,"[(51, 50)]",SINGLE,"[(50, 50)]",NO_PEAK,"[]"
1237651755091951760,NO_PEAK,"[]",SINGLE,"[(50, 49)]",SINGLE,"[(51, 50)]",SINGLE,"[(50, 50)]"
1237651737375473864,NO_PEAK,"[]",NO_PEAK,"[]",SINGLE,"[(50, 50)]",SINGLE,"[(50, 50)]"
1237651737912344658,NO_PEAK,"[]",SINGLE,"[(50, 50)]",SINGLE,"[(50, 50)]",SINGLE,"[(50, 50)]"
1237651737912410234,NO_PEAK,"[]",SINGLE,"[(49, 50)]",SINGLE,"[(51, 50)]",SINGLE,"[(50, 50)]"
1237651737912344784,NO_PEAK,"[]",SINGLE,"[(51, 49)]",SINGLE,"[(50, 50)]",NO_PEAK,"[]"
1237651755091951784,NO_PEAK,"[]",SINGLE,"[(50, 50)]",SINGLE,"[(50, 50)]",NO_PEAK,"[]"
1237655123941457935,SINGLE,"[(50, 50)]",SINGLE,"[(50, 50)]",SINGLE,"[(50, 50)]",SINGLE,"[(50, 50)]"
1237655123941458016,NO_PEAK,"[]",SINGLE,"[(50, 51)]",SINGLE,"[(50, 50)]",SINGLE,"[(49, 50)]"
1237651737375473873,SINGLE,"[(50, 50)]",SINGLE,"[(50, 50)]",SINGLE,"[(50, 50)]",SINGLE,"[(50, 50)]"
1237651737375473971,NO_PEAK,"[]",SINGLE,"[(51, 50)]",DOUBLE,"[(50, 52)(49, 48)]",NO_PEAK,"[]"
1237651755091951765,NO_PEAK,"[]",SINGLE,"[(50, 50)]",SINGLE,"[(50, 50)]",SINGLE,"[(50, 50)]"
1237651737375473830,SINGLE,"[(52, 55)]",SINGLE,"[(51, 56)]",DOUBLE,"[(49, 49)(51, 54)]",SINGLE,"[(4, 20)]"
1237651737912410321,NO_PEAK,"[]",SINGLE,"[(50, 50)]",SINGLE,"[(50, 50)]",SINGLE,"[(50, 50)]"
1237651737912344670,NO_PEAK,"[]",SINGLE,"[(50, 50)]",SINGLE,"[(50, 49)]",SINGLE,"[(50, 50)]"
1237651754554949714,NO_PEAK,"[]",SINGLE,"[(50, 50)]",SINGLE,"[(13, 23)]",SINGLE,"[(13, 24)]"
1237651754018144426,NO_PEAK,"[]",SINGLE,"[(50, 50)]",SINGLE,"[(51, 50)]",SINGLE,"[(50, 50)]"
1237651736838471824,NO_PEAK,"[]",NO_PEAK,"[]",SINGLE,"[(50, 50)]",SINGLE,"[(50, 50)]"
1237651754018144417,NO_PEAK,"[]",SINGLE,"[(50, 50)]",SINGLE,"[(50, 50)]",SINGLE,"[(50, 51)]"
1237651736838471859,NO_PEAK,"[]",SINGLE,"[(50, 50)]",SINGLE,"[(50, 50)]",SINGLE,"[(51, 50)]"
1237651754018144372,NO_PEAK,"[]",SINGLE,"[(50, 50)]",SINGLE,"[(50, 50)]",SINGLE,"[(50, 50)]"
1237651754018078924,NO_PEAK,"[]",SINGLE,"[(50, 50)]",SINGLE,"[(50, 50)]",SINGLE,"[(50, 50)]"
1237651736838471716,NO_PEAK,"[]",SINGLE,"[(50, 50)]",SINGLE,"[(50, 50)]",SINGLE,"[(50, 50)]"
1237651736838471833,NO_PEAK,"[]",SINGLE,"[(49, 50)]",SINGLE,"[(50, 50)]",NO_PEAK,"[]"
1237651736301600934,NO_PEAK,"[]",SINGLE,"[(50, 50)]",SINGLE,"[(50, 50)]",SINGLE,"[(50, 50)]"
1237651754018144296,NO_PEAK,"[]",NO_PEAK,"[]",SINGLE,"[(6, 23)]",SINGLE,"[(6, 23)]"
1237651754018078850,NO_PEAK,"[]",SINGLE,"[(50, 50)]",SINGLE,"[(50, 50)]",SINGLE,"[(50, 50)]"
1237651754018078844,NO_PEAK,"[]",SINGLE,"[(50, 49)]",SINGLE,"[(50, 50)]",SINGLE,"[(50, 50)]"
1237651736301600905,NO_PEAK,"[]",SINGLE,"[(50, 50)]",SINGLE,"[(50, 50)]",SINGLE,"[(50, 50)]"
1237651754018144361,NO_PEAK,"[]",SINGLE,"[(27, 55)]",SINGLE,"[(28, 55)]",SINGLE,"[(50, 50)]"
1237651736301666471,NO_PEAK,"[]",DOUBLE,"[(50, 50)(59, 60)]",DOUBLE,"[(50, 50)(59, 60)]",NO_PEAK,"[]"
1237651736301600804,NO_PEAK,"[]",SINGLE,"[(29, 10)]",SINGLE,"[(30, 10)]",SINGLE,"[(30, 10)]"
1237651736838668470,NO_PEAK,"[]",SINGLE,"[(50, 50)]",SINGLE,"[(50, 50)]",SINGLE,"[(50, 50)]"
1237651736838668810,NO_PEAK,"[]",NO_PEAK,"[]",SINGLE,"[(50, 50)]",NO_PEAK,"[]"
1237651754018275379,NO_PEAK,"[]",SINGLE,"[(50, 50)]",SINGLE,"[(50, 50)]",SINGLE,"[(50, 50)]"
1237651754018275488,NO_PEAK,"[]",SINGLE,"[(50, 50)]",SINGLE,"[(50, 49)]",SINGLE,"[(50, 50)]"
1237651736838602980,NO_PEAK,"[]",SINGLE,"[(38, 37)]",NO_PEAK,"[]",NO_PEAK,"[]"
1237651754555080888,NO_PEAK,"[]",SINGLE,"[(50, 49)]",SINGLE,"[(50, 50)]",SINGLE,"[(50, 50)]"
1237651754018275785,NO_PEAK,"[]",NO_PEAK,"[]",SINGLE,"[(50, 50)]",NO_PEAK,"[]"
1237651736838602936,NO_PEAK,"[]",SINGLE,"[(50, 50)]",SINGLE,"[(50, 50)]",NO_PEAK,"[]"
1237651754018210011,SINGLE,"[(23, 28)]",SINGLE,"[(50, 50)]",SINGLE,"[(47, 29)]",SINGLE,"[(47, 28)]"
1237651736301731926,NO_PEAK,"[]",SINGLE,"[(50, 50)]",SINGLE,"[(50, 50)]",SINGLE,"[(50, 50)]"
1237651736838537399,NO_PEAK,"[]",SINGLE,"[(50, 50)]",SINGLE,"[(50, 50)]",SINGLE,"[(50, 50)]"
1237651754018406500,NO_PEAK,"[]",SINGLE,"[(50, 50)]",SINGLE,"[(50, 50)]",NO_PEAK,"[]"
1237651754018406659,NO_PEAK,"[]",SINGLE,"[(49, 50)]",SINGLE,"[(50, 50)]",SINGLE,"[(50, 50)]"
1237651754555277457,NO_PEAK,"[]",SINGLE,"[(40, 33)]",SINGLE,"[(18, 43)]",SINGLE,"[(17, 43)]"
1237651736838799539,NO_PEAK,"[]",SINGLE,"[(50, 50)]",SINGLE,"[(50, 50)]",DOUBLE,"[(50, 50)(46, 39)]"
1237651736301863065,NO_PEAK,"[]",SINGLE,"[(50, 50)]",SINGLE,"[(50, 50)]",SINGLE,"[(51, 50)]"
1237651754018406497,NO_PEAK,"[]",SINGLE,"[(50, 50)]",SINGLE,"[(50, 50)]",SINGLE,"[(51, 50)]"
1237651754555277494,NO_PEAK,"[]",SINGLE,"[(50, 50)]",SINGLE,"[(50, 50)]",SINGLE,"[(51, 50)]"
1237651754018406558,NO_PEAK,"[]",SINGLE,"[(50, 50)]",SINGLE,"[(50, 50)]",SINGLE,"[(50, 50)]"
1237651736301863148,NO_PEAK,"[]",SINGLE,"[(50, 50)]",NO_PEAK,"[]",SINGLE,"[(31, 31)]"
1237651736838733971,NO_PEAK,"[]",SINGLE,"[(50, 50)]",SINGLE,"[(50, 50)]",NO_PEAK,"[]"
1237651754018340999,SINGLE,"[(26, 35)]",SINGLE,"[(49, 50)]",SINGLE,"[(50, 50)]",NO_PEAK,"[]"
1237651754555277473,NO_PEAK,"[]",SINGLE,"[(50, 50)]",SINGLE,"[(50, 50)]",DOUBLE,"[(50, 50)(44, 65)]"
1237651754018341101,NO_PEAK,"[]",SINGLE,"[(49, 50)]",SINGLE,"[(50, 50)]",SINGLE,"[(50, 51)]"
1237651755092148341,NO_PEAK,"[]",SINGLE,"[(50, 50)]",SINGLE,"[(50, 50)]",SINGLE,"[(50, 50)]"
1237651737375670436,NO_PEAK,"[]",SINGLE,"[(49, 50)]",SINGLE,"[(50, 50)]",NO_PEAK,"[]"
1237655123941654625,NO_PEAK,"[]",SINGLE,"[(49, 50)]",SINGLE,"[(50, 50)]",SINGLE,"[(50, 50)]"
1237651755092082865,NO_PEAK,"[]",DOUBLE,"[(50, 50)(47, 41)]",DOUBLE,"[(50, 49)(74, 50)]",NO_PEAK,"[]"
1237651755092148416,NO_PEAK,"[]",SINGLE,"[(22, 47)]",SINGLE,"[(21, 47)]",SINGLE,"[(22, 47)]"
1237651737912541297,NO_PEAK,"[]",SINGLE,"[(50, 50)]",SINGLE,"[(50, 50)]",SINGLE,"[(50, 50)]"
1237651737375604843,NO_PEAK,"[]",SINGLE,"[(50, 50)]",SINGLE,"[(50, 50)]",SINGLE,"[(50, 50)]"
1237651737375539352,NO_PEAK,"[]",SINGLE,"[(50, 50)]",SINGLE,"[(50, 50)]",SINGLE,"[(50, 50)]"
1237651755092017247,NO_PEAK,"[]",SINGLE,"[(50, 50)]",SINGLE,"[(50, 50)]",SINGLE,"[(50, 50)]"
1237651737375670390,NO_PEAK,"[]",SINGLE,"[(50, 51)]",SINGLE,"[(50, 50)]",SINGLE,"[(50, 52)]"
1237651737375604894,NO_PEAK,"[]",SINGLE,"[(51, 50)]",SINGLE,"[(50, 50)]",SINGLE,"[(34, 3)]"
1237651755092082871,NO_PEAK,"[]",SINGLE,"[(50, 50)]",SINGLE,"[(50, 50)]",SINGLE,"[(50, 50)]"
1237651755092017246,NO_PEAK,"[]",SINGLE,"[(49, 50)]",SINGLE,"[(50, 50)]",SINGLE,"[(50, 50)]"
1237651737375604870,NO_PEAK,"[]",SINGLE,"[(17, 2)]",SINGLE,"[(17, 2)]",SINGLE,"[(18, 1)]"
1237651737375670404,SINGLE,"[(16, 61)]",SINGLE,"[(16, 60)]",NO_PEAK,"[]",NO_PEAK,"[]"
1237651754555408395,SINGLE,"[(50, 50)]",SINGLE,"[(50, 51)]",SINGLE,"[(51, 50)]",NO_PEAK,"[]"
1237651754555342920,NO_PEAK,"[]",SINGLE,"[(50, 50)]",NO_PEAK,"[]",NO_PEAK,"[]"
1237651754555342949,NO_PEAK,"[]",DOUBLE,"[(49, 50)(65, 50)]",SINGLE,"[(50, 50)]",DOUBLE,"[(50, 50)(24, 43)]"
1237651754555342983,NO_PEAK,"[]",NO_PEAK,"[]",NO_PEAK,"[]",NO_PEAK,"[]"
1237651754555343127,NO_PEAK,"[]",DOUBLE,"[(49, 50)(55, 52)]",SINGLE,"[(49, 49)]",NO_PEAK,"[]"
1237651754018472054,SINGLE,"[(49, 44)]",DOUBLE,"[(49, 45)(51, 50)]",SINGLE,"[(50, 50)]",SINGLE,"[(50, 50)]"
1237651736301928595,NO_PEAK,"[]",SINGLE,"[(50, 50)]",SINGLE,"[(50, 50)]",SINGLE,"[(50, 50)]"
1237651754018472576,NO_PEAK,"[]",NO_PEAK,"[]",SINGLE,"[(50, 50)]",NO_PEAK,"[]"
1237651736302059619,NO_PEAK,"[]",SINGLE,"[(50, 50)]",DOUBLE,"[(64, 58)(50, 50)]",DOUBLE,"[(64, 57)(50, 50)]"
1237651754018472026,NO_PEAK,"[]",SINGLE,"[(50, 50)]",SINGLE,"[(50, 50)]",NO_PEAK,"[]"
1237651736301994019,NO_PEAK,"[]",SINGLE,"[(50, 49)]",SINGLE,"[(50, 50)]",SINGLE,"[(50, 50)]"
1237651737375670449,NO_PEAK,"[]",SINGLE,"[(50, 50)]",SINGLE,"[(50, 50)]",SINGLE,"[(50, 50)]"
1237651737375801564,NO_PEAK,"[]",SINGLE,"[(50, 50)]",SINGLE,"[(50, 50)]",NO_PEAK,"[]"
1237651737912606745,SINGLE,"[(5, 35)]",SINGLE,"[(5, 35)]",SINGLE,"[(5, 34)]",SINGLE,"[(5, 35)]"
1237651754555408521,NO_PEAK,"[]",NO_PEAK,"[]",NO_PEAK,"[]",NO_PEAK,"[]"
1237651737375736088,NO_PEAK,"[]",SINGLE,"[(50, 50)]",SINGLE,"[(50, 50)]",NO_PEAK,"[]"
1237651737375801579,NO_PEAK,"[]",SINGLE,"[(49, 50)]",SINGLE,"[(50, 50)]",NO_PEAK,"[]"
1237651737912606806,NO_PEAK,"[]",DOUBLE,"[(51, 50)(42, 42)]",SINGLE,"[(50, 50)]",SINGLE,"[(50, 50)]"
1237651755092213924,SINGLE,"[(16, 26)]",SINGLE,"[(50, 51)]",SINGLE,"[(50, 51)]",SINGLE,"[(50, 50)]"
1237651755092279407,NO_PEAK,"[]",SINGLE,"[(50, 50)]",DOUBLE,"[(50, 50)(48, 71)]",DOUBLE,"[(50, 50)(47, 71)]"
1237651737375801540,SINGLE,"[(50, 50)]",SINGLE,"[(50, 50)]",SINGLE,"[(50, 50)]",SINGLE,"[(50, 50)]"
1237651755092213937,SINGLE,"[(39, 67)]",SINGLE,"[(50, 50)]",SINGLE,"[(50, 50)]",SINGLE,"[(50, 50)]"
1237651736838996116,NO_PEAK,"[]",SINGLE,"[(50, 50)]",SINGLE,"[(50, 50)]",SINGLE,"[(50, 50)]"
1237651754018668622,NO_PEAK,"[]",SINGLE,"[(50, 50)]",SINGLE,"[(50, 50)]",SINGLE,"[(50, 51)]"
1237666214070059199,NO_PEAK,"[]",SINGLE,"[(50, 50)]",SINGLE,"[(50, 50)]",SINGLE,"[(50, 50)]"
1237666214069928153,NO_PEAK,"[]",SINGLE,"[(50, 50)]",SINGLE,"[(55, 23)]",SINGLE,"[(55, 23)]"
1237666088977367426,SINGLE,"[(41, 34)]",SINGLE,"[(51, 51)]",NO_PEAK,"[]",SINGLE,"[(50, 50)]"
1237666088977367239,SINGLE,"[(50, 50)]",SINGLE,"[(50, 50)]",SINGLE,"[(50, 50)]",SINGLE,"[(49, 50)]"
1237666088977432722,SINGLE,"[(49, 51)]",SINGLE,"[(50, 50)]",SINGLE,"[(50, 51)]",SINGLE,"[(51, 50)]"
1237666088977432736,SINGLE,"[(50, 50)]",SINGLE,"[(50, 50)]",SINGLE,"[(50, 50)]",SINGLE,"[(50, 50)]"
1237666088977367244,NO_PEAK,"[]",SINGLE,"[(51, 49)]",SINGLE,"[(50, 50)]",SINGLE,"[(50, 50)]"
1237666088977367264,SINGLE,"[(49, 50)]",SINGLE,"[(50, 50)]",SINGLE,"[(50, 50)]",SINGLE,"[(50, 51)]"
1237666213532664036,NO_PEAK,"[]",SINGLE,"[(50, 50)]",SINGLE,"[(50, 50)]",SINGLE,"[(50, 50)]"
1237666088977498309,DOUBLE,"[(50, 49)(45, 45)]",SINGLE,"[(49, 49)]",SINGLE,"[(50, 50)]",SINGLE,"[(50, 50)]"
1237666088977498282,NO_PEAK,"[]",SINGLE,"[(50, 50)]",SINGLE,"[(50, 50)]",SINGLE,"[(50, 50)]"
1237666089514369233,NO_PEAK,"[]",SINGLE,"[(50, 50)]",SINGLE,"[(50, 50)]",SINGLE,"[(50, 50)]"
1237666214069731615,NO_PEAK,"[]",SINGLE,"[(50, 50)]",SINGLE,"[(50, 50)]",SINGLE,"[(50, 50)]"
1237666214069600386,NO_PEAK,"[]",SINGLE,"[(50, 50)]",SINGLE,"[(50, 50)]",SINGLE,"[(50, 50)]"
1237666088977432689,SINGLE,"[(50, 50)]",SINGLE,"[(50, 49)]",SINGLE,"[(50, 50)]",SINGLE,"[(50, 50)]"
1237666088977498313,NO_PEAK,"[]",SINGLE,"[(50, 51)]",SINGLE,"[(50, 50)]",SINGLE,"[(51, 50)]"
1237666088977498183,SINGLE,"[(50, 50)]",DOUBLE,"[(40, 63)(50, 50)]",DOUBLE,"[(40, 63)(50, 50)]",DOUBLE,"[(40, 63)(50, 49)]"
1237666214069665964,NO_PEAK,"[]",SINGLE,"[(50, 50)]",SINGLE,"[(50, 50)]",SINGLE,"[(50, 50)]"
1237666090051371200,NO_PEAK,"[]",SINGLE,"[(50, 50)]",SINGLE,"[(51, 50)]",SINGLE,"[(50, 50)]"
1237666214606798997,NO_PEAK,"[]",SINGLE,"[(49, 50)]",SINGLE,"[(50, 50)]",SINGLE,"[(50, 50)]"
1237666089514565819,SINGLE,"[(54, 51)]",SINGLE,"[(51, 50)]",SINGLE,"[(50, 50)]",NO_PEAK,"[]"
1237666089514500273,NO_PEAK,"[]",SINGLE,"[(50, 50)]",SINGLE,"[(50, 50)]",NO_PEAK,"[]"
1237666089514631437,SINGLE,"[(50, 50)]",SINGLE,"[(50, 50)]",SINGLE,"[(50, 50)]",SINGLE,"[(50, 50)]"
1237666089514434782,DOUBLE,"[(60, 59)(47, 56)]",DOUBLE,"[(50, 50)(61, 58)]",DOUBLE,"[(50, 50)(60, 59)]",DOUBLE,"[(50, 50)(60, 58)]"
1237666089514631385,NO_PEAK,"[]",SINGLE,"[(50, 50)]",SINGLE,"[(50, 50)]",SINGLE,"[(50, 51)]"
1237666214606733428,NO_PEAK,"[]",SINGLE,"[(50, 50)]",SINGLE,"[(50, 50)]",SINGLE,"[(50, 50)]"
1237666214606864619,NO_PEAK,"[]",SINGLE,"[(50, 50)]",SINGLE,"[(50, 50)]",SINGLE,"[(50, 50)]"
1237666214606864556,NO_PEAK,"[]",SINGLE,"[(50, 50)]",DOUBLE,"[(50, 50)(48, 66)]",DOUBLE,"[(50, 50)(47, 66)]"
1237666214606929933,NO_PEAK,"[]",SINGLE,"[(50, 50)]",SINGLE,"[(50, 49)]",NO_PEAK,"[]"
1237666089514631409,DOUBLE,"[(51, 51)(45, 49)]",DOUBLE,"[(50, 50)(45, 50)]",SINGLE,"[(50, 50)]",DOUBLE,"[(50, 50)(45, 50)]"
1237666089514500292,NO_PEAK,"[]",SINGLE,"[(50, 50)]",SINGLE,"[(50, 50)]",SINGLE,"[(50, 50)]"
1237666089514696963,SINGLE,"[(50, 49)]",SINGLE,"[(49, 50)]",SINGLE,"[(50, 50)]",SINGLE,"[(50, 50)]"
1237666089514631445,NO_PEAK,"[]",SINGLE,"[(50, 50)]",SINGLE,"[(50, 50)]",SINGLE,"[(50, 50)]"
1237666090051240097,NO_PEAK,"[]",SINGLE,"[(50, 50)]",SINGLE,"[(50, 50)]",SINGLE,"[(50, 50)]"
1237666089514238381,NO_PEAK,"[]",SINGLE,"[(50, 50)]",NO_PEAK,"[]",NO_PEAK,"[]"
1237666089514238216,SINGLE,"[(49, 50)]",SINGLE,"[(50, 50)]",SINGLE,"[(50, 50)]",NO_PEAK,"[]"
1237666090051305518,NO_PEAK,"[]",NO_PEAK,"[]",SINGLE,"[(51, 50)]",SINGLE,"[(51, 50)]"
1237666089514369219,NO_PEAK,"[]",SINGLE,"[(50, 50)]",SINGLE,"[(50, 50)]",SINGLE,"[(50, 50)]"
1237649918430216479,NO_PEAK,"[]",NO_PEAK,"[]",NO_PEAK,"[]",NO_PEAK,"[]"
1237666214069534761,NO_PEAK,"[]",SINGLE,"[(50, 50)]",SINGLE,"[(50, 50)]",SINGLE,"[(50, 50)]"
1237666089514369236,NO_PEAK,"[]",SINGLE,"[(50, 50)]",SINGLE,"[(50, 50)]",NO_PEAK,"[]"
1237666214606537001,SINGLE,"[(69, 46)]",NO_PEAK,"[]",SINGLE,"[(51, 50)]",NO_PEAK,"[]"
1237649918430216423,NO_PEAK,"[]",SINGLE,"[(50, 49)]",SINGLE,"[(50, 50)]",NO_PEAK,"[]"
1237666214606602456,NO_PEAK,"[]",SINGLE,"[(50, 50)]",SINGLE,"[(50, 50)]",SINGLE,"[(50, 50)]"
1237666089514238355,NO_PEAK,"[]",SINGLE,"[(49, 49)]",SINGLE,"[(50, 49)]",NO_PEAK,"[]"
1237666214606536849,NO_PEAK,"[]",SINGLE,"[(50, 50)]",SINGLE,"[(50, 50)]",SINGLE,"[(20, 14)]"
1237666089514434744,NO_PEAK,"[]",DOUBLE,"[(51, 52)(45, 36)]",DOUBLE,"[(50, 50)(45, 36)]",DOUBLE,"[(50, 50)(46, 36)]"
1237666214606471287,SINGLE,"[(50, 50)]",SINGLE,"[(51, 50)]",SINGLE,"[(50, 50)]",SINGLE,"[(50, 50)]"
1237666214606602468,NO_PEAK,"[]",SINGLE,"[(50, 50)]",NO_PEAK,"[]",SINGLE,"[(13, 8)]"
1237666215143473455,NO_PEAK,"[]",DOUBLE,"[(59, 62)(50, 50)]",DOUBLE,"[(59, 63)(50, 50)]",DOUBLE,"[(59, 62)(50, 49)]"
1237666215143538923,SINGLE,"[(50, 50)]",SINGLE,"[(50, 50)]",SINGLE,"[(51, 50)]",SINGLE,"[(50, 50)]"
1237666215143735395,NO_PEAK,"[]",NO_PEAK,"[]",SINGLE,"[(32, 21)]",SINGLE,"[(32, 21)]"
1237666090051305642,NO_PEAK,"[]",SINGLE,"[(50, 50)]",SINGLE,"[(50, 50)]",SINGLE,"[(50, 50)]"
1237666215143604290,NO_PEAK,"[]",DOUBLE,"[(50, 50)(39, 58)]",DOUBLE,"[(50, 50)(58, 71)]",DOUBLE,"[(50, 49)(57, 71)]"
1237666090051436758,NO_PEAK,"[]",DOUBLE,"[(51, 49)(65, 46)]",DOUBLE,"[(51, 50)(66, 46)]",DOUBLE,"[(50, 50)(65, 46)]"
1237666090051502276,NO_PEAK,"[]",SINGLE,"[(50, 50)]",SINGLE,"[(50, 50)]",SINGLE,"[(50, 50)]"
1237666090051436736,SINGLE,"[(50, 50)]",SINGLE,"[(50, 50)]",SINGLE,"[(50, 50)]",SINGLE,"[(50, 50)]"
1237666215143604418,NO_PEAK,"[]",SINGLE,"[(50, 50)]",SINGLE,"[(50, 50)]",SINGLE,"[(50, 50)]"
1237666215143669995,SINGLE,"[(50, 50)]",SINGLE,"[(50, 50)]",SINGLE,"[(50, 50)]",SINGLE,"[(8, 50)]"
1237666090051436571,NO_PEAK,"[]",NO_PEAK,"[]",SINGLE,"[(50, 50)]",NO_PEAK,"[]"
1237666215143604359,NO_PEAK,"[]",SINGLE,"[(50, 50)]",SINGLE,"[(50, 50)]",SINGLE,"[(50, 50)]"
1237666215143538722,SINGLE,"[(14, 40)]",SINGLE,"[(14, 39)]",SINGLE,"[(14, 40)]",SINGLE,"[(14, 40)]"
1237666090051502256,SINGLE,"[(50, 50)]",SINGLE,"[(50, 50)]",SINGLE,"[(50, 50)]",SINGLE,"[(50, 50)]"
1237666215143473471,NO_PEAK,"[]",SINGLE,"[(50, 50)]",SINGLE,"[(50, 50)]",SINGLE,"[(50, 50)]"
1237666090052092035,NO_PEAK,"[]",SINGLE,"[(50, 50)]",SINGLE,"[(50, 50)]",NO_PEAK,"[]"
1237666214607388900,NO_PEAK,"[]",SINGLE,"[(50, 50)]",SINGLE,"[(50, 49)]",DOUBLE,"[(49, 50)(58, 35)]"
1237666214607323567,SINGLE,"[(50, 50)]",SINGLE,"[(50, 50)]",SINGLE,"[(50, 50)]",NO_PEAK,"[]"
1237666214607323634,SINGLE,"[(50, 50)]",SINGLE,"[(50, 50)]",SINGLE,"[(50, 50)]",SINGLE,"[(50, 50)]"
1237666214607388781,NO_PEAK,"[]",SINGLE,"[(2, 19)]",SINGLE,"[(1, 19)]",SINGLE,"[(1, 19)]"
1237666214607454371,SINGLE,"[(50, 50)]",SINGLE,"[(50, 50)]",SINGLE,"[(50, 50)]",NO_PEAK,"[]"
1237666214607323350,SINGLE,"[(50, 50)]",SINGLE,"[(50, 50)]",SINGLE,"[(50, 50)]",SINGLE,"[(50, 49)]"
1237666214607388967,NO_PEAK,"[]",SINGLE,"[(1, 10)]",NO_PEAK,"[]",SINGLE,"[(1, 10)]"
1237666214607257813,NO_PEAK,"[]",SINGLE,"[(44, 38)]",DOUBLE,"[(50, 50)(45, 38)]",DOUBLE,"[(50, 50)(45, 38)]"
1237666090051961036,NO_PEAK,"[]",SINGLE,"[(49, 50)]",SINGLE,"[(50, 50)]",SINGLE,"[(50, 50)]"
1237666214607323558,SINGLE,"[(49, 50)]",SINGLE,"[(50, 50)]",SINGLE,"[(50, 50)]",SINGLE,"[(50, 50)]"
1237666090052026445,NO_PEAK,"[]",SINGLE,"[(50, 50)]",SINGLE,"[(40, 42)]",DOUBLE,"[(50, 50)(41, 42)]"
1237666214607257726,NO_PEAK,"[]",NO_PEAK,"[]",SINGLE,"[(6, 47)]",SINGLE,"[(7, 47)]"
1237666214607388948,SINGLE,"[(53, 53)]",NO_PEAK,"[]",DOUBLE,"[(77, 71)(67, 79)]",DOUBLE,"[(77, 71)(67, 79)]"
1237666214607323150,NO_PEAK,"[]",DOUBLE,"[(59, 32)(50, 50)]",DOUBLE,"[(58, 32)(50, 50)]",DOUBLE,"[(58, 32)(50, 50)]"
1237666214607323406,NO_PEAK,"[]",SINGLE,"[(7, 26)]",SINGLE,"[(7, 26)]",SINGLE,"[(8, 26)]"
1237666090052026455,NO_PEAK,"[]",SINGLE,"[(49, 50)]",SINGLE,"[(50, 50)]",SINGLE,"[(50, 50)]"
1237666090051829966,NO_PEAK,"[]",SINGLE,"[(50, 50)]",SINGLE,"[(51, 50)]",NO_PEAK,"[]"
1237666090051764448,SINGLE,"[(50, 50)]",SINGLE,"[(50, 50)]",SINGLE,"[(50, 50)]",SINGLE,"[(50, 50)]"
1237666090051764463,DOUBLE,"[(50, 50)(47, 54)]",SINGLE,"[(50, 49)]",NO_PEAK,"[]",NO_PEAK,"[]"
1237666215143932151,NO_PEAK,"[]",SINGLE,"[(50, 50)]",SINGLE,"[(50, 49)]",SINGLE,"[(51, 49)]"
1237666090051764419,SINGLE,"[(50, 50)]",SINGLE,"[(50, 50)]",SINGLE,"[(50, 50)]",SINGLE,"[(50, 50)]"
1237666215143997621,NO_PEAK,"[]",SINGLE,"[(21, 47)]",DOUBLE,"[(50, 49)(34, 36)]",DOUBLE,"[(50, 50)(22, 81)]"
1237666090588569800,SINGLE,"[(50, 49)]",SINGLE,"[(50, 50)]",SINGLE,"[(49, 50)]",DOUBLE,"[(50, 50)(59, 63)]"
1237666090051895350,NO_PEAK,"[]",SINGLE,"[(25, 28)]",SINGLE,"[(25, 28)]",SINGLE,"[(25, 28)]"
1237666090051895559,SINGLE,"[(50, 50)]",SINGLE,"[(50, 50)]",SINGLE,"[(50, 50)]",SINGLE,"[(50, 50)]"
1237666090051829887,NO_PEAK,"[]",SINGLE,"[(50, 50)]",SINGLE,"[(50, 50)]",SINGLE,"[(49, 50)]"
1237666090051764412,NO_PEAK,"[]",SINGLE,"[(50, 51)]",SINGLE,"[(50, 50)]",SINGLE,"[(50, 50)]"
1237666215143932115,NO_PEAK,"[]",DOUBLE,"[(50, 50)(50, 61)]",SINGLE,"[(50, 50)]",SINGLE,"[(50, 50)]"
1237666215143932059,NO_PEAK,"[]",SINGLE,"[(49, 50)]",NO_PEAK,"[]",NO_PEAK,"[]"
1237666215143866542,NO_PEAK,"[]",SINGLE,"[(50, 50)]",NO_PEAK,"[]",NO_PEAK,"[]"
1237666090051698826,SINGLE,"[(50, 49)]",NO_PEAK,"[]",SINGLE,"[(13, 1)]",SINGLE,"[(13, 1)]"
1237666090051698700,SINGLE,"[(49, 50)]",SINGLE,"[(50, 51)]",SINGLE,"[(50, 50)]",NO_PEAK,"[]"
1237666215143932092,NO_PEAK,"[]",SINGLE,"[(50, 49)]",SINGLE,"[(50, 51)]",SINGLE,"[(50, 50)]"
1237666215143932067,NO_PEAK,"[]",SINGLE,"[(50, 50)]",SINGLE,"[(50, 50)]",SINGLE,"[(50, 50)]"
1237666090051764509,DOUBLE,"[(50, 49)(43, 37)]",DOUBLE,"[(50, 49)(46, 39)]",DOUBLE,"[(50, 51)(45, 39)]",DOUBLE,"[(51, 52)(42, 42)]"
1237666089515155663,SINGLE,"[(50, 51)]",SINGLE,"[(50, 49)]",NO_PEAK,"[]",SINGLE,"[(25, 30)]"
1237666214607323448,SINGLE,"[(50, 50)]",SINGLE,"[(50, 50)]",SINGLE,"[(50, 50)]",SINGLE,"[(50, 50)]"
1237666214607323574,NO_PEAK,"[]",SINGLE,"[(50, 50)]",SINGLE,"[(50, 50)]",SINGLE,"[(50, 50)]"
1237666089515221149,DOUBLE,"[(48, 49)(41, 47)]",SINGLE,"[(50, 50)]",SINGLE,"[(50, 50)]",SINGLE,"[(50, 49)]"
1237666089515221163,DOUBLE,"[(50, 50)(55, 45)]",SINGLE,"[(50, 50)]",SINGLE,"[(50, 50)]",NO_PEAK,"[]"
1237666089515090059,NO_PEAK,"[]",SINGLE,"[(38, 21)]",SINGLE,"[(39, 21)]",SINGLE,"[(39, 21)]"
1237666089515221085,SINGLE,"[(50, 50)]",SINGLE,"[(50, 50)]",NO_PEAK,"[]",NO_PEAK,"[]"
1237666089515221140,NO_PEAK,"[]",SINGLE,"[(50, 50)]",SINGLE,"[(50, 50)]",SINGLE,"[(50, 51)]"
1237666214607323543,SINGLE,"[(50, 50)]",SINGLE,"[(50, 50)]",SINGLE,"[(50, 50)]",SINGLE,"[(50, 50)]"
1237666089515286532,NO_PEAK,"[]",SINGLE,"[(24, 17)]",SINGLE,"[(24, 18)]",SINGLE,"[(24, 17)]"
1237666089515090195,SINGLE,"[(50, 50)]",SINGLE,"[(50, 50)]",DOUBLE,"[(49, 50)(87, 78)]",DOUBLE,"[(50, 50)(87, 77)]"
1237666214607323720,SINGLE,"[(22, 33)]",SINGLE,"[(50, 50)]",SINGLE,"[(50, 50)]",SINGLE,"[(50, 50)]"
1237666214607388873,NO_PEAK,"[]",SINGLE,"[(50, 50)]",SINGLE,"[(50, 50)]",SINGLE,"[(50, 50)]"
1237666089515090160,NO_PEAK,"[]",SINGLE,"[(50, 50)]",SINGLE,"[(50, 50)]",SINGLE,"[(50, 50)]"
1237666214607257798,NO_PEAK,"[]",SINGLE,"[(50, 50)]",SINGLE,"[(50, 50)]",SINGLE,"[(51, 50)]"
1237666089515286652,SINGLE,"[(50, 51)]",SINGLE,"[(50, 50)]",SINGLE,"[(50, 50)]",SINGLE,"[(50, 50)]"
1237666214607257772,NO_PEAK,"[]",NO_PEAK,"[]",NO_PEAK,"[]",SINGLE,"[(33, 25)]"
1237666214607323233,NO_PEAK,"[]",SINGLE,"[(50, 50)]",SINGLE,"[(50, 50)]",SINGLE,"[(49, 50)]"
1237666214607061161,NO_PEAK,"[]",SINGLE,"[(50, 50)]",SINGLE,"[(50, 49)]",SINGLE,"[(50, 49)]"
1237666214607126560,SINGLE,"[(50, 51)]",SINGLE,"[(50, 50)]",SINGLE,"[(50, 50)]",NO_PEAK,"[]"
1237666214607192280,SINGLE,"[(50, 50)]",SINGLE,"[(51, 50)]",SINGLE,"[(50, 50)]",SINGLE,"[(50, 50)]"
1237666214607192319,NO_PEAK,"[]",SINGLE,"[(49, 50)]",SINGLE,"[(50, 49)]",SINGLE,"[(50, 50)]"
1237666214607061331,ERROR,ERROR,ERROR,ERROR,ERROR,ERROR,ERROR,ERROR
1237666090051895595,SINGLE,"[(49, 50)]",SINGLE,"[(50, 50)]",SINGLE,"[(50, 49)]",SINGLE,"[(23, 28)]"
1237666214606995678,NO_PEAK,"[]",NO_PEAK,"[]",SINGLE,"[(50, 49)]",NO_PEAK,"[]"
1237666090051895619,NO_PEAK,"[]",SINGLE,"[(50, 49)]",NO_PEAK,"[]",SINGLE,"[(50, 50)]"
1237666090051895605,SINGLE,"[(50, 50)]",SINGLE,"[(50, 50)]",SINGLE,"[(50, 50)]",SINGLE,"[(50, 50)]"
1237666090051764481,NO_PEAK,"[]",SINGLE,"[(50, 50)]",SINGLE,"[(50, 50)]",SINGLE,"[(50, 50)]"
1237666214607061169,NO_PEAK,"[]",SINGLE,"[(50, 49)]",SINGLE,"[(50, 50)]",NO_PEAK,"[]"
1237666090051764391,NO_PEAK,"[]",SINGLE,"[(50, 50)]",NO_PEAK,"[]",SINGLE,"[(20, 11)]"
1237666214606995586,DOUBLE,"[(49, 47)(55, 50)]",SINGLE,"[(50, 49)]",SINGLE,"[(50, 50)]",SINGLE,"[(50, 50)]"
1237666090051698866,SINGLE,"[(80, 75)]",SINGLE,"[(49, 50)]",SINGLE,"[(50, 50)]",NO_PEAK,"[]"
1237666214607126778,NO_PEAK,"[]",SINGLE,"[(45, 1)]",NO_PEAK,"[]",SINGLE,"[(35, 22)]"
1237666214607257634,NO_PEAK,"[]",SINGLE,"[(7, 1)]",SINGLE,"[(7, 1)]",SINGLE,"[(7, 1)]"
1237666214607126823,NO_PEAK,"[]",SINGLE,"[(50, 50)]",SINGLE,"[(50, 50)]",SINGLE,"[(50, 50)]"
1237666214606995463,NO_PEAK,"[]",NO_PEAK,"[]",NO_PEAK,"[]",NO_PEAK,"[]"
1237666089514762416,SINGLE,"[(50, 51)]",NO_PEAK,"[]",SINGLE,"[(31, 27)]",SINGLE,"[(31, 27)]"
1237666088978284631,NO_PEAK,"[]",SINGLE,"[(50, 50)]",SINGLE,"[(50, 50)]",DOUBLE,"[(51, 50)(55, 34)]"
1237666089515221014,SINGLE,"[(50, 50)]",SINGLE,"[(50, 49)]",SINGLE,"[(50, 50)]",SINGLE,"[(50, 50)]"
1237666214070517959,NO_PEAK,"[]",SINGLE,"[(50, 50)]",NO_PEAK,"[]",NO_PEAK,"[]"
1237666214070452472,NO_PEAK,"[]",NO_PEAK,"[]",SINGLE,"[(39, 1)]",NO_PEAK,"[]"
1237666214070517878,SINGLE,"[(49, 50)]",SINGLE,"[(50, 50)]",SINGLE,"[(50, 50)]",SINGLE,"[(50, 50)]"
1237666089515155538,NO_PEAK,"[]",SINGLE,"[(50, 50)]",SINGLE,"[(50, 50)]",SINGLE,"[(50, 50)]"
1237666214070452459,NO_PEAK,"[]",SINGLE,"[(50, 50)]",SINGLE,"[(50, 50)]",SINGLE,"[(50, 50)]"
1237666214070452380,NO_PEAK,"[]",SINGLE,"[(50, 50)]",SINGLE,"[(50, 50)]",SINGLE,"[(51, 50)]"
1237666214070386862,NO_PEAK,"[]",SINGLE,"[(50, 51)]",DOUBLE,"[(50, 50)(26, 60)]",DOUBLE,"[(51, 50)(26, 60)]"
1237666214070517999,NO_PEAK,"[]",SINGLE,"[(49, 49)]",SINGLE,"[(50, 50)]",SINGLE,"[(50, 49)]"
1237666089515286538,SINGLE,"[(50, 48)]",DOUBLE,"[(39, 62)(50, 50)]",DOUBLE,"[(38, 62)(50, 50)]",DOUBLE,"[(39, 62)(51, 50)]"
1237666214070583475,SINGLE,"[(23, 25)]",SINGLE,"[(23, 24)]",SINGLE,"[(23, 24)]",SINGLE,"[(23, 24)]"
1237666089515221189,NO_PEAK,"[]",SINGLE,"[(50, 50)]",SINGLE,"[(50, 50)]",SINGLE,"[(50, 50)]"
1237666214070517951,NO_PEAK,"[]",SINGLE,"[(50, 50)]",SINGLE,"[(50, 50)]",SINGLE,"[(50, 50)]"
1237666214070583434,NO_PEAK,"[]",SINGLE,"[(50, 49)]",SINGLE,"[(50, 50)]",SINGLE,"[(50, 49)]"
1237666214070583605,NO_PEAK,"[]",SINGLE,"[(50, 51)]",SINGLE,"[(50, 50)]",SINGLE,"[(50, 50)]"
1237666089515090142,NO_PEAK,"[]",SINGLE,"[(50, 50)]",SINGLE,"[(50, 50)]",SINGLE,"[(50, 50)]"
1237666089515221558,NO_PEAK,"[]",NO_PEAK,"[]",SINGLE,"[(50, 50)]",NO_PEAK,"[]"
1237666089515221035,NO_PEAK,"[]",SINGLE,"[(50, 49)]",NO_PEAK,"[]",NO_PEAK,"[]"
1237666089515024573,NO_PEAK,"[]",DOUBLE,"[(50, 50)(53, 58)]",DOUBLE,"[(50, 50)(53, 57)]",DOUBLE,"[(50, 50)(64, 53)]"
1237666089514959013,NO_PEAK,"[]",SINGLE,"[(50, 50)]",SINGLE,"[(50, 50)]",SINGLE,"[(50, 50)]"
1237666214070321310,NO_PEAK,"[]",NO_PEAK,"[]",NO_PEAK,"[]",NO_PEAK,"[]"
1237666088978088078,NO_PEAK,"[]",SINGLE,"[(50, 50)]",SINGLE,"[(50, 50)]",SINGLE,"[(50, 50)]"
1237666214070124643,NO_PEAK,"[]",SINGLE,"[(50, 49)]",SINGLE,"[(50, 50)]",SINGLE,"[(51, 50)]"
1237666214070255849,SINGLE,"[(50, 50)]",SINGLE,"[(25, 42)]",DOUBLE,"[(50, 50)(26, 42)]",DOUBLE,"[(50, 50)(25, 42)]"
1237666214070386868,NO_PEAK,"[]",SINGLE,"[(50, 50)]",NO_PEAK,"[]",NO_PEAK,"[]"
1237666214070386848,NO_PEAK,"[]",SINGLE,"[(50, 50)]",SINGLE,"[(50, 50)]",SINGLE,"[(50, 50)]"
1237666089515024649,SINGLE,"[(50, 50)]",SINGLE,"[(50, 50)]",SINGLE,"[(50, 49)]",SINGLE,"[(50, 50)]"
1237666214070321364,NO_PEAK,"[]",DOUBLE,"[(49, 49)(57, 55)]",SINGLE,"[(50, 50)]",SINGLE,"[(49, 49)]"
1237666214070255799,NO_PEAK,"[]",SINGLE,"[(50, 50)]",SINGLE,"[(50, 50)]",SINGLE,"[(50, 50)]"
1237666214070321283,NO_PEAK,"[]",SINGLE,"[(50, 50)]",SINGLE,"[(50, 50)]",SINGLE,"[(50, 50)]"
1237666089514958991,NO_PEAK,"[]",SINGLE,"[(50, 50)]",SINGLE,"[(50, 50)]",SINGLE,"[(50, 50)]"
1237666214070124651,NO_PEAK,"[]",SINGLE,"[(50, 50)]",SINGLE,"[(50, 50)]",SINGLE,"[(50, 50)]"
1237666214070255781,NO_PEAK,"[]",SINGLE,"[(50, 50)]",SINGLE,"[(50, 50)]",SINGLE,"[(50, 50)]"
1237666213533581336,NO_PEAK,"[]",SINGLE,"[(50, 50)]",SINGLE,"[(50, 50)]",SINGLE,"[(50, 50)]"
1237666088978284837,SINGLE,"[(24, 47)]",NO_PEAK,"[]",SINGLE,"[(51, 19)]",SINGLE,"[(51, 19)]"
1237666088978285158,NO_PEAK,"[]",NO_PEAK,"[]",SINGLE,"[(50, 50)]",SINGLE,"[(50, 50)]"
1237666088978350246,SINGLE,"[(50, 49)]",SINGLE,"[(50, 49)]",DOUBLE,"[(50, 50)(46, 61)]",DOUBLE,"[(49, 50)(45, 62)]"
1237666214070517943,NO_PEAK,"[]",SINGLE,"[(50, 50)]",SINGLE,"[(50, 50)]",SINGLE,"[(50, 50)]"
1237666214070583350,NO_PEAK,"[]",SINGLE,"[(38, 32)]",DOUBLE,"[(38, 32)(50, 50)]",DOUBLE,"[(37, 32)(49, 50)]"
1237666214070583443,NO_PEAK,"[]",SINGLE,"[(50, 50)]",SINGLE,"[(50, 50)]",SINGLE,"[(50, 50)]"
1237666088978284650,NO_PEAK,"[]",SINGLE,"[(50, 50)]",DOUBLE,"[(73, 37)(50, 50)]",DOUBLE,"[(74, 37)(50, 50)]"
1237666088978350221,SINGLE,"[(33, 16)]",SINGLE,"[(50, 50)]",SINGLE,"[(50, 50)]",SINGLE,"[(50, 50)]"
1237666088978219297,NO_PEAK,"[]",SINGLE,"[(50, 50)]",SINGLE,"[(50, 50)]",SINGLE,"[(50, 50)]"
1237666213533581481,NO_PEAK,"[]",SINGLE,"[(50, 50)]",DOUBLE,"[(50, 50)(43, 57)]",DOUBLE,"[(50, 50)(43, 57)]"
1237666088978284625,NO_PEAK,"[]",SINGLE,"[(50, 50)]",DOUBLE,"[(50, 50)(65, 53)]",DOUBLE,"[(50, 50)(65, 53)]"
1237666213533581739,NO_PEAK,"[]",NO_PEAK,"[]",SINGLE,"[(38, 41)]",SINGLE,"[(39, 41)]"
1237666088978219275,NO_PEAK,"[]",SINGLE,"[(50, 50)]",NO_PEAK,"[]",SINGLE,"[(2, 32)]"
1237660635447099761,SINGLE,"[(50, 50)]",SINGLE,"[(50, 50)]",SINGLE,"[(49, 50)]",SINGLE,"[(50, 50)]"
1237660635447165098,NO_PEAK,"[]",SINGLE,"[(50, 50)]",SINGLE,"[(50, 50)]",SINGLE,"[(50, 50)]"
1237660635447034017,NO_PEAK,"[]",NO_PEAK,"[]",NO_PEAK,"[]",NO_PEAK,"[]"
1237660343392338131,NO_PEAK,"[]",SINGLE,"[(50, 50)]",SINGLE,"[(50, 50)]",SINGLE,"[(50, 50)]"
1237660635447165089,NO_PEAK,"[]",SINGLE,"[(50, 50)]",SINGLE,"[(50, 50)]",SINGLE,"[(50, 50)]"
1237660635447099747,NO_PEAK,"[]",SINGLE,"[(4, 14)]",SINGLE,"[(4, 14)]",SINGLE,"[(4, 13)]"
1237660343392403497,SINGLE,"[(24, 27)]",SINGLE,"[(23, 27)]",SINGLE,"[(24, 27)]",SINGLE,"[(24, 28)]"
1237660343392272506,SINGLE,"[(51, 50)]",SINGLE,"[(50, 50)]",SINGLE,"[(50, 50)]",SINGLE,"[(50, 51)]"
1237660343392403635,NO_PEAK,"[]",SINGLE,"[(51, 51)]",SINGLE,"[(50, 51)]",SINGLE,"[(50, 50)]"
1237660343392338094,SINGLE,"[(51, 20)]",SINGLE,"[(51, 20)]",SINGLE,"[(50, 20)]",SINGLE,"[(50, 20)]"
1237660343929274688,SINGLE,"[(51, 50)]",SINGLE,"[(50, 50)]",SINGLE,"[(50, 50)]",SINGLE,"[(50, 50)]"
1237660635447165058,NO_PEAK,"[]",SINGLE,"[(50, 50)]",SINGLE,"[(50, 50)]",SINGLE,"[(50, 50)]"
1237660635447099754,SINGLE,"[(49, 50)]",SINGLE,"[(50, 50)]",SINGLE,"[(50, 50)]",SINGLE,"[(50, 50)]"
1237660635447165048,NO_PEAK,"[]",SINGLE,"[(50, 50)]",SINGLE,"[(50, 50)]",SINGLE,"[(50, 50)]"
1237660635447165228,NO_PEAK,"[]",SINGLE,"[(39, 24)]",SINGLE,"[(38, 25)]",SINGLE,"[(39, 24)]"
1237660635447165102,NO_PEAK,"[]",SINGLE,"[(50, 50)]",SINGLE,"[(50, 50)]",SINGLE,"[(50, 50)]"
1237660635447165171,NO_PEAK,"[]",SINGLE,"[(50, 50)]",SINGLE,"[(50, 50)]",SINGLE,"[(50, 50)]"
1237660343392338216,NO_PEAK,"[]",SINGLE,"[(50, 50)]",SINGLE,"[(50, 50)]",SINGLE,"[(50, 50)]"
1237660343392403751,SINGLE,"[(35, 18)]",NO_PEAK,"[]",SINGLE,"[(50, 51)]",SINGLE,"[(50, 50)]"
1237660343929143526,SINGLE,"[(42, 10)]",SINGLE,"[(43, 10)]",SINGLE,"[(42, 10)]",SINGLE,"[(42, 10)]"
1237660343929077969,NO_PEAK,"[]",SINGLE,"[(50, 50)]",SINGLE,"[(50, 50)]",NO_PEAK,"[]"
1237660343929143581,NO_PEAK,"[]",SINGLE,"[(50, 50)]",SINGLE,"[(50, 50)]",SINGLE,"[(50, 50)]"
1237660635447034122,NO_PEAK,"[]",SINGLE,"[(50, 49)]",SINGLE,"[(50, 50)]",SINGLE,"[(50, 49)]"
1237660635447034472,SINGLE,"[(40, 62)]",SINGLE,"[(50, 50)]",SINGLE,"[(50, 50)]",NO_PEAK,"[]"
1237660635447099659,SINGLE,"[(51, 50)]",SINGLE,"[(50, 50)]",NO_PEAK,"[]",SINGLE,"[(46, 23)]"
1237660343929143426,NO_PEAK,"[]",SINGLE,"[(49, 50)]",DOUBLE,"[(66, 43)(50, 50)]",DOUBLE,"[(67, 43)(50, 50)]"
1237660635446968630,SINGLE,"[(91, 97)]",SINGLE,"[(49, 49)]",SINGLE,"[(50, 50)]",NO_PEAK,"[]"
1237660635447033902,SINGLE,"[(3, 54)]",NO_PEAK,"[]",SINGLE,"[(1, 12)]",SINGLE,"[(1, 11)]"
1237660343929274591,SINGLE,"[(50, 50)]",SINGLE,"[(50, 50)]",SINGLE,"[(50, 50)]",SINGLE,"[(51, 50)]"
1237660635447099663,NO_PEAK,"[]",SINGLE,"[(50, 50)]",SINGLE,"[(50, 50)]",SINGLE,"[(51, 50)]"
1237660635983904890,NO_PEAK,"[]",SINGLE,"[(31, 43)]",DOUBLE,"[(50, 50)(31, 43)]",NO_PEAK,"[]"
1237660343929209116,NO_PEAK,"[]",SINGLE,"[(51, 50)]",SINGLE,"[(50, 50)]",SINGLE,"[(50, 51)]"
1237660343929143687,NO_PEAK,"[]",SINGLE,"[(49, 51)]",SINGLE,"[(50, 50)]",SINGLE,"[(50, 50)]"
1237660635447034081,NO_PEAK,"[]",SINGLE,"[(50, 49)]",SINGLE,"[(50, 50)]",NO_PEAK,"[]"
1237660343929143521,NO_PEAK,"[]",SINGLE,"[(50, 50)]",SINGLE,"[(50, 50)]",SINGLE,"[(50, 50)]"
1237660343929012368,NO_PEAK,"[]",SINGLE,"[(50, 50)]",SINGLE,"[(50, 50)]",SINGLE,"[(50, 50)]"
1237660635983773981,NO_PEAK,"[]",SINGLE,"[(50, 50)]",SINGLE,"[(50, 50)]",SINGLE,"[(50, 50)]"
1237660343928947103,SINGLE,"[(50, 50)]",SINGLE,"[(50, 51)]",NO_PEAK,"[]",SINGLE,"[(24, 6)]"
1237660343929012476,NO_PEAK,"[]",SINGLE,"[(50, 50)]",SINGLE,"[(50, 50)]",SINGLE,"[(50, 50)]"
1237660343928947075,NO_PEAK,"[]",NO_PEAK,"[]",SINGLE,"[(1, 42)]",NO_PEAK,"[]"
1237660343929012357,NO_PEAK,"[]",SINGLE,"[(50, 50)]",SINGLE,"[(46, 14)]",NO_PEAK,"[]"
1237660343929012380,NO_PEAK,"[]",SINGLE,"[(50, 50)]",SINGLE,"[(50, 50)]",SINGLE,"[(50, 51)]"
1237660343929077981,NO_PEAK,"[]",NO_PEAK,"[]",NO_PEAK,"[]",SINGLE,"[(50, 51)]"
1237660343928947068,NO_PEAK,"[]",SINGLE,"[(50, 50)]",NO_PEAK,"[]",SINGLE,"[(50, 50)]"
1237660635983773730,NO_PEAK,"[]",SINGLE,"[(50, 50)]",NO_PEAK,"[]",SINGLE,"[(17, 25)]"
1237660635983773954,SINGLE,"[(50, 50)]",SINGLE,"[(50, 50)]",SINGLE,"[(50, 50)]",SINGLE,"[(50, 50)]"
1237660343929012456,NO_PEAK,"[]",SINGLE,"[(50, 50)]",SINGLE,"[(50, 50)]",SINGLE,"[(51, 51)]"
1237660635983774050,NO_PEAK,"[]",SINGLE,"[(50, 50)]",SINGLE,"[(50, 50)]",SINGLE,"[(50, 50)]"
1237660635983774120,NO_PEAK,"[]",SINGLE,"[(16, 32)]",SINGLE,"[(16, 32)]",NO_PEAK,"[]"
1237660635983773711,NO_PEAK,"[]",SINGLE,"[(50, 50)]",NO_PEAK,"[]",SINGLE,"[(38, 1)]"
1237660635983773988,NO_PEAK,"[]",SINGLE,"[(50, 51)]",SINGLE,"[(50, 50)]",SINGLE,"[(50, 50)]"
1237660635983774126,SINGLE,"[(30, 2)]",NO_PEAK,"[]",NO_PEAK,"[]",NO_PEAK,"[]"
1237660343929077823,NO_PEAK,"[]",NO_PEAK,"[]",SINGLE,"[(8, 45)]",SINGLE,"[(8, 45)]"
1237660343392010427,SINGLE,"[(20, 24)]",SINGLE,"[(20, 24)]",SINGLE,"[(21, 24)]",SINGLE,"[(20, 24)]"
1237660635446837350,SINGLE,"[(50, 50)]",SINGLE,"[(50, 50)]",SINGLE,"[(51, 50)]",SINGLE,"[(50, 50)]"
1237660634909835612,NO_PEAK,"[]",SINGLE,"[(50, 50)]",SINGLE,"[(51, 50)]",SINGLE,"[(49, 50)]"
1237660343392010291,NO_PEAK,"[]",SINGLE,"[(50, 54)]",SINGLE,"[(50, 55)]",NO_PEAK,"[]"
1237660343392010284,SINGLE,"[(50, 50)]",SINGLE,"[(50, 51)]",SINGLE,"[(50, 50)]",NO_PEAK,"[]"
1237660343928947004,SINGLE,"[(50, 50)]",SINGLE,"[(50, 51)]",SINGLE,"[(50, 50)]",SINGLE,"[(50, 50)]"
1237660343392010410,NO_PEAK,"[]",SINGLE,"[(51, 50)]",SINGLE,"[(50, 50)]",SINGLE,"[(50, 50)]"
1237660959183798459,NO_PEAK,"[]",NO_PEAK,"[]",SINGLE,"[(50, 50)]",SINGLE,"[(50, 50)]"
1237660343392010542,NO_PEAK,"[]",NO_PEAK,"[]",NO_PEAK,"[]",NO_PEAK,"[]"
1237660343392076059,NO_PEAK,"[]",NO_PEAK,"[]",NO_PEAK,"[]",NO_PEAK,"[]"
1237660635446837502,NO_PEAK,"[]",SINGLE,"[(51, 50)]",SINGLE,"[(50, 50)]",SINGLE,"[(50, 50)]"
1237660635446902889,NO_PEAK,"[]",SINGLE,"[(50, 50)]",SINGLE,"[(50, 50)]",SINGLE,"[(50, 49)]"
1237660343928947039,NO_PEAK,"[]",DOUBLE,"[(50, 50)(36, 61)]",DOUBLE,"[(50, 50)(60, 38)]",NO_PEAK,"[]"
1237660343928946985,NO_PEAK,"[]",SINGLE,"[(51, 50)]",SINGLE,"[(50, 50)]",SINGLE,"[(50, 50)]"
1237660635446903001,NO_PEAK,"[]",SINGLE,"[(50, 50)]",SINGLE,"[(50, 50)]",SINGLE,"[(50, 50)]"
1237660343928947058,NO_PEAK,"[]",SINGLE,"[(50, 49)]",NO_PEAK,"[]",NO_PEAK,"[]"
1237660635446837435,NO_PEAK,"[]",NO_PEAK,"[]",SINGLE,"[(15, 12)]",SINGLE,"[(15, 11)]"
1237660343392010490,SINGLE,"[(27, 29)]",SINGLE,"[(26, 30)]",SINGLE,"[(26, 30)]",SINGLE,"[(27, 30)]"
1237660343928947194,NO_PEAK,"[]",NO_PEAK,"[]",SINGLE,"[(8, 17)]",SINGLE,"[(8, 18)]"
1237660635983708373,NO_PEAK,"[]",SINGLE,"[(50, 50)]",SINGLE,"[(50, 50)]",NO_PEAK,"[]"
1237660635983708398,NO_PEAK,"[]",SINGLE,"[(50, 50)]",SINGLE,"[(50, 50)]",NO_PEAK,"[]"
1237660344465555752,SINGLE,"[(50, 51)]",SINGLE,"[(50, 50)]",SINGLE,"[(50, 50)]",SINGLE,"[(50, 50)]"
1237660635983708367,SINGLE,"[(50, 50)]",SINGLE,"[(51, 50)]",SINGLE,"[(50, 50)]",SINGLE,"[(50, 50)]"
1237660343928946977,NO_PEAK,"[]",SINGLE,"[(21, 47)]",SINGLE,"[(21, 48)]",SINGLE,"[(21, 48)]"
1237660635983708322,SINGLE,"[(50, 50)]",SINGLE,"[(50, 50)]",SINGLE,"[(50, 50)]",SINGLE,"[(51, 50)]"
1237660344465883456,NO_PEAK,"[]",SINGLE,"[(51, 50)]",SINGLE,"[(50, 50)]",SINGLE,"[(51, 50)]"
1237660635983643054,NO_PEAK,"[]",SINGLE,"[(50, 50)]",SINGLE,"[(50, 50)]",SINGLE,"[(51, 50)]"
1237660343928946958,NO_PEAK,"[]",SINGLE,"[(51, 50)]",SINGLE,"[(50, 50)]",SINGLE,"[(50, 50)]"
1237660343928947132,SINGLE,"[(41, 43)]",SINGLE,"[(50, 50)]",SINGLE,"[(50, 50)]",NO_PEAK,"[]"
1237660635983708464,NO_PEAK,"[]",SINGLE,"[(50, 50)]",SINGLE,"[(50, 50)]",SINGLE,"[(50, 50)]"
1237660635983708295,NO_PEAK,"[]",SINGLE,"[(50, 50)]",SINGLE,"[(50, 50)]",SINGLE,"[(50, 51)]"
1237660635983708411,NO_PEAK,"[]",SINGLE,"[(50, 50)]",SINGLE,"[(50, 50)]",SINGLE,"[(50, 50)]"
1237660635983643019,NO_PEAK,"[]",SINGLE,"[(50, 50)]",SINGLE,"[(50, 50)]",SINGLE,"[(50, 50)]"
1237660343928946936,NO_PEAK,"[]",SINGLE,"[(51, 50)]",SINGLE,"[(50, 50)]",SINGLE,"[(50, 50)]"
1237660635983708388,NO_PEAK,"[]",SINGLE,"[(50, 50)]",SINGLE,"[(50, 50)]",SINGLE,"[(50, 50)]"
1237660635983708356,NO_PEAK,"[]",SINGLE,"[(50, 50)]",SINGLE,"[(50, 50)]",SINGLE,"[(50, 50)]"
1237660343391944827,SINGLE,"[(37, 28)]",SINGLE,"[(36, 28)]",SINGLE,"[(36, 28)]",SINGLE,"[(36, 28)]"
1237660635446640919,NO_PEAK,"[]",SINGLE,"[(50, 50)]",SINGLE,"[(50, 50)]",SINGLE,"[(50, 50)]"
1237660343391879197,NO_PEAK,"[]",NO_PEAK,"[]",SINGLE,"[(25, 48)]",SINGLE,"[(25, 48)]"
1237660343928881568,NO_PEAK,"[]",SINGLE,"[(50, 50)]",SINGLE,"[(50, 50)]",SINGLE,"[(50, 50)]"
1237660635446771733,SINGLE,"[(41, 25)]",SINGLE,"[(40, 24)]",SINGLE,"[(41, 24)]",SINGLE,"[(41, 24)]"
1237660635446706339,NO_PEAK,"[]",SINGLE,"[(50, 50)]",NO_PEAK,"[]",SINGLE,"[(33, 52)]"
1237660343928881579,NO_PEAK,"[]",SINGLE,"[(51, 50)]",SINGLE,"[(50, 50)]",NO_PEAK,"[]"
1237660343391879366,NO_PEAK,"[]",DOUBLE,"[(50, 50)(39, 51)]",SINGLE,"[(50, 50)]",DOUBLE,"[(50, 50)(50, 63)]"
1237660343928881629,NO_PEAK,"[]",SINGLE,"[(50, 50)]",SINGLE,"[(50, 50)]",SINGLE,"[(50, 50)]"
1237660343928881635,NO_PEAK,"[]",NO_PEAK,"[]",NO_PEAK,"[]",SINGLE,"[(20, 16)]"
1237660343928881342,NO_PEAK,"[]",SINGLE,"[(50, 10)]",NO_PEAK,"[]",NO_PEAK,"[]"
1237660343928881492,NO_PEAK,"[]",SINGLE,"[(50, 50)]",SINGLE,"[(50, 50)]",NO_PEAK,"[]"
1237660635446771874,NO_PEAK,"[]",SINGLE,"[(50, 50)]",SINGLE,"[(50, 50)]",SINGLE,"[(50, 50)]"
1237660343928946918,NO_PEAK,"[]",SINGLE,"[(50, 50)]",SINGLE,"[(50, 50)]",SINGLE,"[(50, 50)]"
1237660635446706451,SINGLE,"[(50, 50)]",SINGLE,"[(50, 50)]",SINGLE,"[(50, 50)]",SINGLE,"[(50, 50)]"
1237660343928946925,NO_PEAK,"[]",SINGLE,"[(50, 50)]",SINGLE,"[(50, 50)]",NO_PEAK,"[]"
1237660343928881593,SINGLE,"[(50, 50)]",SINGLE,"[(50, 50)]",SINGLE,"[(50, 50)]",SINGLE,"[(51, 50)]"
1237660635983643041,NO_PEAK,"[]",SINGLE,"[(50, 50)]",SINGLE,"[(50, 50)]",SINGLE,"[(50, 50)]"
1237660635983642945,NO_PEAK,"[]",SINGLE,"[(2, 26)]",SINGLE,"[(2, 25)]",SINGLE,"[(2, 25)]"
1237660343928881607,NO_PEAK,"[]",SINGLE,"[(50, 50)]",SINGLE,"[(50, 50)]",SINGLE,"[(50, 50)]"
1237660635983642669,NO_PEAK,"[]",SINGLE,"[(50, 50)]",NO_PEAK,"[]",SINGLE,"[(27, 1)]"
1237660635983708310,NO_PEAK,"[]",SINGLE,"[(50, 50)]",SINGLE,"[(50, 50)]",SINGLE,"[(50, 50)]"
1237660344465817718,NO_PEAK,"[]",SINGLE,"[(50, 50)]",SINGLE,"[(50, 50)]",NO_PEAK,"[]"
1237660343928881764,NO_PEAK,"[]",NO_PEAK,"[]",SINGLE,"[(50, 50)]",NO_PEAK,"[]"
1237660635983642834,NO_PEAK,"[]",SINGLE,"[(33, 1)]",SINGLE,"[(34, 1)]",SINGLE,"[(32, 3)]"
1237660635983642923,NO_PEAK,"[]",SINGLE,"[(8, 27)]",SINGLE,"[(8, 28)]",SINGLE,"[(8, 28)]"
1237660635983642637,NO_PEAK,"[]",SINGLE,"[(50, 50)]",SINGLE,"[(50, 50)]",SINGLE,"[(50, 51)]"
1237660344465883361,NO_PEAK,"[]",SINGLE,"[(51, 51)]",SINGLE,"[(50, 50)]",NO_PEAK,"[]"
1237660635983643045,NO_PEAK,"[]",SINGLE,"[(50, 50)]",SINGLE,"[(50, 50)]",SINGLE,"[(50, 50)]"
1237660635983773955,NO_PEAK,"[]",SINGLE,"[(3, 29)]",SINGLE,"[(3, 29)]",SINGLE,"[(3, 29)]"
1237660635983642970,NO_PEAK,"[]",SINGLE,"[(51, 20)]",SINGLE,"[(51, 19)]",SINGLE,"[(52, 19)]"
1237660635983642960,NO_PEAK,"[]",SINGLE,"[(50, 50)]",SINGLE,"[(50, 50)]",NO_PEAK,"[]"
1237660635983708300,NO_PEAK,"[]",SINGLE,"[(50, 50)]",SINGLE,"[(50, 50)]",SINGLE,"[(50, 50)]"
1237660344465817900,NO_PEAK,"[]",SINGLE,"[(51, 51)]",SINGLE,"[(50, 50)]",SINGLE,"[(50, 50)]"
1237660635983642993,NO_PEAK,"[]",SINGLE,"[(50, 50)]",SINGLE,"[(50, 50)]",SINGLE,"[(50, 50)]"
1237660635983642672,SINGLE,"[(28, 37)]",SINGLE,"[(27, 36)]",SINGLE,"[(27, 36)]",SINGLE,"[(27, 37)]"
1237660343928815896,NO_PEAK,"[]",SINGLE,"[(50, 49)]",SINGLE,"[(50, 50)]",SINGLE,"[(50, 50)]"
1237660635983446325,NO_PEAK,"[]",SINGLE,"[(49, 50)]",SINGLE,"[(38, 46)]",NO_PEAK,"[]"
1237660635983577347,NO_PEAK,"[]",SINGLE,"[(50, 49)]",SINGLE,"[(50, 49)]",SINGLE,"[(50, 50)]"
1237660635983577431,NO_PEAK,"[]",SINGLE,"[(50, 50)]",SINGLE,"[(50, 49)]",SINGLE,"[(50, 50)]"
1237660343928815893,NO_PEAK,"[]",SINGLE,"[(50, 50)]",SINGLE,"[(50, 50)]",SINGLE,"[(50, 50)]"
1237660635446509788,SINGLE,"[(50, 50)]",SINGLE,"[(51, 50)]",SINGLE,"[(50, 50)]",SINGLE,"[(50, 50)]"
1237660635446575218,NO_PEAK,"[]",SINGLE,"[(50, 50)]",SINGLE,"[(50, 50)]",SINGLE,"[(50, 50)]"
1237660635446575332,NO_PEAK,"[]",SINGLE,"[(49, 51)]",SINGLE,"[(50, 50)]",SINGLE,"[(50, 50)]"
1237660635446575317,NO_PEAK,"[]",SINGLE,"[(50, 50)]",SINGLE,"[(51, 50)]",SINGLE,"[(49, 50)]"
1237660635983577445,NO_PEAK,"[]",SINGLE,"[(51, 50)]",NO_PEAK,"[]",SINGLE,"[(50, 50)]"
1237660635983577376,SINGLE,"[(50, 50)]",SINGLE,"[(50, 50)]",SINGLE,"[(50, 50)]",SINGLE,"[(51, 50)]"
1237660635983577253,NO_PEAK,"[]",NO_PEAK,"[]",SINGLE,"[(1, 24)]",NO_PEAK,"[]"
1237660343928815856,NO_PEAK,"[]",NO_PEAK,"[]",SINGLE,"[(50, 50)]",DOUBLE,"[(50, 50)(39, 30)]"
1237660343928881524,NO_PEAK,"[]",SINGLE,"[(51, 50)]",SINGLE,"[(51, 50)]",DOUBLE,"[(50, 50)(53, 38)]"
1237660635983577390,NO_PEAK,"[]",SINGLE,"[(50, 50)]",SINGLE,"[(50, 50)]",SINGLE,"[(50, 50)]"
1237660635983642661,NO_PEAK,"[]",DOUBLE,"[(50, 50)(55, 78)]",DOUBLE,"[(50, 50)(54, 78)]",DOUBLE,"[(50, 50)(54, 79)]"
1237660344465752402,NO_PEAK,"[]",NO_PEAK,"[]",SINGLE,"[(16, 46)]",SINGLE,"[(16, 46)]"
1237660635983577479,NO_PEAK,"[]",SINGLE,"[(50, 50)]",NO_PEAK,"[]",NO_PEAK,"[]"
1237660635983643078,NO_PEAK,"[]",SINGLE,"[(50, 50)]",SINGLE,"[(50, 50)]",NO_PEAK,"[]"
1237660635983577134,NO_PEAK,"[]",SINGLE,"[(50, 50)]",SINGLE,"[(50, 50)]",SINGLE,"[(50, 50)]"
1237660344465752414,NO_PEAK,"[]",NO_PEAK,"[]",SINGLE,"[(25, 12)]",SINGLE,"[(25, 11)]"
1237660344465621179,NO_PEAK,"[]",SINGLE,"[(50, 50)]",SINGLE,"[(50, 50)]",SINGLE,"[(50, 50)]"
1237658199123493118,SINGLE,"[(50, 50)]",SINGLE,"[(50, 49)]",SINGLE,"[(50, 50)]",SINGLE,"[(50, 51)]"
1237660344465621173,NO_PEAK,"[]",SINGLE,"[(51, 51)]",SINGLE,"[(50, 49)]",NO_PEAK,"[]"
1237660635983577497,NO_PEAK,"[]",NO_PEAK,"[]",NO_PEAK,"[]",NO_PEAK,"[]"
1237658199123493095,SINGLE,"[(50, 51)]",SINGLE,"[(50, 50)]",SINGLE,"[(50, 50)]",SINGLE,"[(50, 50)]"
1237658199123493101,NO_PEAK,"[]",NO_PEAK,"[]",SINGLE,"[(50, 50)]",SINGLE,"[(51, 51)]"
1237660344465817665,SINGLE,"[(50, 51)]",NO_PEAK,"[]",SINGLE,"[(11, 1)]",SINGLE,"[(11, 1)]"
1237658199123493121,NO_PEAK,"[]",SINGLE,"[(50, 50)]",SINGLE,"[(50, 50)]",SINGLE,"[(50, 50)]"
1237660344465817792,NO_PEAK,"[]",SINGLE,"[(50, 50)]",SINGLE,"[(50, 50)]",SINGLE,"[(50, 50)]"
1237660344465752284,NO_PEAK,"[]",SINGLE,"[(58, 34)]",NO_PEAK,"[]",DOUBLE,"[(58, 33)(50, 50)]"
1237660635983643154,NO_PEAK,"[]",SINGLE,"[(12, 14)]",SINGLE,"[(12, 15)]",SINGLE,"[(12, 15)]"
1237658203417477391,NO_PEAK,"[]",SINGLE,"[(50, 50)]",SINGLE,"[(50, 50)]",NO_PEAK,"[]"
1237658203417543019,SINGLE,"[(20, 14)]",SINGLE,"[(50, 50)]",SINGLE,"[(50, 50)]",NO_PEAK,"[]"
1237658203417739515,NO_PEAK,"[]",SINGLE,"[(7, 9)]",SINGLE,"[(7, 9)]",SINGLE,"[(7, 9)]"
1237658203417608410,NO_PEAK,"[]",SINGLE,"[(43, 55)]",DOUBLE,"[(43, 54)(50, 50)]",DOUBLE,"[(43, 55)(50, 50)]"
1237658203417608570,NO_PEAK,"[]",SINGLE,"[(50, 50)]",SINGLE,"[(50, 50)]",SINGLE,"[(50, 50)]"
1237658191074754805,NO_PEAK,"[]",SINGLE,"[(50, 50)]",SINGLE,"[(50, 50)]",SINGLE,"[(50, 50)]"
1237658203417739463,SINGLE,"[(49, 50)]",SINGLE,"[(50, 50)]",SINGLE,"[(50, 50)]",SINGLE,"[(50, 50)]"
1237658203417674057,NO_PEAK,"[]",SINGLE,"[(50, 50)]",SINGLE,"[(50, 50)]",NO_PEAK,"[]"
1237658203417674295,NO_PEAK,"[]",SINGLE,"[(50, 51)]",SINGLE,"[(51, 50)]",SINGLE,"[(50, 50)]"
1237660344466210974,SINGLE,"[(51, 51)]",SINGLE,"[(50, 50)]",SINGLE,"[(50, 50)]",SINGLE,"[(49, 50)]"
1237658203417478042,NO_PEAK,"[]",SINGLE,"[(11, 5)]",NO_PEAK,"[]",NO_PEAK,"[]"
1237658203417739440,NO_PEAK,"[]",SINGLE,"[(50, 50)]",SINGLE,"[(50, 51)]",SINGLE,"[(50, 50)]"
1237660344466145464,NO_PEAK,"[]",SINGLE,"[(50, 50)]",DOUBLE,"[(50, 50)(59, 42)]",NO_PEAK,"[]"
